#wave   A_Rv2.0   A_Rv3.1   A_Rv5.5 An_Rv2.0 An_Rv3.1 An_Rv5.5
 3500 3.908e-01 4.934e-01 7.172e-01    3.938    2.664    1.924
 3505 3.903e-01 4.930e-01 7.172e-01    3.932    2.662    1.924
 3510 3.898e-01 4.926e-01 7.171e-01    3.927    2.660    1.924
 3515 3.892e-01 4.923e-01 7.170e-01    3.922    2.658    1.923
 3520 3.887e-01 4.919e-01 7.169e-01    3.917    2.656    1.923
 3525 3.882e-01 4.915e-01 7.168e-01    3.912    2.654    1.923
 3530 3.877e-01 4.911e-01 7.168e-01    3.907    2.652    1.923
 3535 3.872e-01 4.908e-01 7.167e-01    3.902    2.650    1.922
 3540 3.868e-01 4.904e-01 7.165e-01    3.897    2.648    1.922
 3545 3.863e-01 4.900e-01 7.164e-01    3.892    2.646    1.922
 3550 3.858e-01 4.897e-01 7.163e-01    3.887    2.644    1.921
 3555 3.853e-01 4.893e-01 7.162e-01    3.882    2.642    1.921
 3560 3.849e-01 4.890e-01 7.161e-01    3.878    2.640    1.921
 3565 3.844e-01 4.886e-01 7.160e-01    3.873    2.638    1.921
 3570 3.839e-01 4.882e-01 7.158e-01    3.868    2.636    1.920
 3575 3.835e-01 4.879e-01 7.157e-01    3.864    2.634    1.920
 3580 3.830e-01 4.875e-01 7.156e-01    3.859    2.632    1.919
 3585 3.826e-01 4.872e-01 7.154e-01    3.855    2.630    1.919
 3590 3.821e-01 4.868e-01 7.153e-01    3.850    2.628    1.919
 3595 3.817e-01 4.865e-01 7.151e-01    3.846    2.626    1.918
 3600 3.812e-01 4.861e-01 7.150e-01    3.841    2.625    1.918
 3605 3.808e-01 4.858e-01 7.148e-01    3.837    2.623    1.917
 3610 3.804e-01 4.854e-01 7.146e-01    3.833    2.621    1.917
 3615 3.799e-01 4.851e-01 7.145e-01    3.828    2.619    1.916
 3620 3.795e-01 4.847e-01 7.143e-01    3.824    2.617    1.916
 3625 3.791e-01 4.844e-01 7.141e-01    3.820    2.615    1.916
 3630 3.787e-01 4.840e-01 7.139e-01    3.815    2.613    1.915
 3635 3.782e-01 4.837e-01 7.137e-01    3.811    2.611    1.915
 3640 3.778e-01 4.833e-01 7.135e-01    3.807    2.610    1.914
 3645 3.774e-01 4.830e-01 7.133e-01    3.803    2.608    1.913
 3650 3.770e-01 4.826e-01 7.131e-01    3.798    2.606    1.913
 3655 3.766e-01 4.823e-01 7.129e-01    3.794    2.604    1.912
 3660 3.762e-01 4.819e-01 7.127e-01    3.790    2.602    1.912
 3665 3.757e-01 4.816e-01 7.125e-01    3.786    2.600    1.911
 3670 3.753e-01 4.812e-01 7.123e-01    3.782    2.598    1.911
 3675 3.749e-01 4.809e-01 7.121e-01    3.778    2.596    1.910
 3680 3.745e-01 4.805e-01 7.118e-01    3.773    2.594    1.909
 3685 3.741e-01 4.802e-01 7.116e-01    3.769    2.592    1.909
 3690 3.737e-01 4.798e-01 7.114e-01    3.765    2.590    1.908
 3695 3.733e-01 4.795e-01 7.111e-01    3.761    2.589    1.908
 3700 3.729e-01 4.791e-01 7.109e-01    3.757    2.587    1.907
 3705 3.725e-01 4.787e-01 7.106e-01    3.753    2.585    1.906
 3710 3.720e-01 4.784e-01 7.104e-01    3.749    2.583    1.906
 3715 3.716e-01 4.780e-01 7.101e-01    3.744    2.581    1.905
 3720 3.712e-01 4.777e-01 7.099e-01    3.740    2.579    1.904
 3725 3.708e-01 4.773e-01 7.096e-01    3.736    2.577    1.903
 3730 3.704e-01 4.769e-01 7.093e-01    3.732    2.575    1.903
 3735 3.700e-01 4.766e-01 7.090e-01    3.728    2.573    1.902
 3740 3.696e-01 4.762e-01 7.088e-01    3.724    2.571    1.901
 3745 3.692e-01 4.758e-01 7.085e-01    3.720    2.569    1.900
 3750 3.688e-01 4.754e-01 7.082e-01    3.715    2.567    1.900
 3755 3.683e-01 4.751e-01 7.079e-01    3.711    2.565    1.899
 3760 3.679e-01 4.747e-01 7.076e-01    3.707    2.563    1.898
 3765 3.675e-01 4.743e-01 7.073e-01    3.703    2.561    1.897
 3770 3.671e-01 4.739e-01 7.070e-01    3.699    2.559    1.897
 3775 3.667e-01 4.735e-01 7.067e-01    3.694    2.557    1.896
 3780 3.663e-01 4.732e-01 7.064e-01    3.690    2.555    1.895
 3785 3.658e-01 4.728e-01 7.061e-01    3.686    2.552    1.894
 3790 3.654e-01 4.724e-01 7.058e-01    3.682    2.550    1.893
 3795 3.650e-01 4.720e-01 7.055e-01    3.677    2.548    1.892
 3800 3.646e-01 4.716e-01 7.051e-01    3.673    2.546    1.891
 3805 3.641e-01 4.712e-01 7.048e-01    3.669    2.544    1.891
 3810 3.637e-01 4.708e-01 7.045e-01    3.665    2.542    1.890
 3815 3.633e-01 4.704e-01 7.041e-01    3.660    2.540    1.889
 3820 3.628e-01 4.700e-01 7.038e-01    3.656    2.538    1.888
 3825 3.624e-01 4.696e-01 7.035e-01    3.652    2.535    1.887
 3830 3.620e-01 4.692e-01 7.031e-01    3.647    2.533    1.886
 3835 3.615e-01 4.688e-01 7.028e-01    3.643    2.531    1.885
 3840 3.611e-01 4.684e-01 7.024e-01    3.638    2.529    1.884
 3845 3.607e-01 4.680e-01 7.021e-01    3.634    2.527    1.883
 3850 3.602e-01 4.676e-01 7.017e-01    3.629    2.524    1.882
 3855 3.598e-01 4.671e-01 7.014e-01    3.625    2.522    1.881
 3860 3.593e-01 4.667e-01 7.010e-01    3.621    2.520    1.880
 3865 3.589e-01 4.663e-01 7.006e-01    3.616    2.517    1.879
 3870 3.584e-01 4.659e-01 7.003e-01    3.611    2.515    1.878
 3875 3.580e-01 4.654e-01 6.999e-01    3.607    2.513    1.877
 3880 3.575e-01 4.650e-01 6.995e-01    3.602    2.511    1.876
 3885 3.571e-01 4.646e-01 6.991e-01    3.598    2.508    1.875
 3890 3.566e-01 4.641e-01 6.988e-01    3.593    2.506    1.874
 3895 3.562e-01 4.637e-01 6.984e-01    3.589    2.504    1.873
 3900 3.557e-01 4.633e-01 6.980e-01    3.584    2.501    1.872
 3905 3.552e-01 4.628e-01 6.976e-01    3.579    2.499    1.871
 3910 3.548e-01 4.624e-01 6.972e-01    3.574    2.496    1.870
 3915 3.543e-01 4.619e-01 6.968e-01    3.570    2.494    1.869
 3920 3.538e-01 4.615e-01 6.964e-01    3.565    2.492    1.868
 3925 3.534e-01 4.610e-01 6.960e-01    3.560    2.489    1.867
 3930 3.529e-01 4.606e-01 6.956e-01    3.555    2.487    1.866
 3935 3.524e-01 4.601e-01 6.952e-01    3.551    2.484    1.865
 3940 3.519e-01 4.597e-01 6.948e-01    3.546    2.482    1.864
 3945 3.514e-01 4.592e-01 6.944e-01    3.541    2.479    1.863
 3950 3.510e-01 4.588e-01 6.940e-01    3.536    2.477    1.861
 3955 3.505e-01 4.583e-01 6.935e-01    3.531    2.474    1.860
 3960 3.500e-01 4.578e-01 6.931e-01    3.526    2.472    1.859
 3965 3.495e-01 4.574e-01 6.927e-01    3.521    2.469    1.858
 3970 3.490e-01 4.569e-01 6.923e-01    3.516    2.467    1.857
 3975 3.485e-01 4.564e-01 6.919e-01    3.511    2.464    1.856
 3980 3.480e-01 4.559e-01 6.914e-01    3.506    2.462    1.855
 3985 3.475e-01 4.555e-01 6.910e-01    3.501    2.459    1.854
 3990 3.470e-01 4.550e-01 6.906e-01    3.496    2.456    1.852
 3995 3.465e-01 4.545e-01 6.901e-01    3.491    2.454    1.851
 4000 3.460e-01 4.540e-01 6.897e-01    3.486    2.451    1.850
 4005 3.455e-01 4.535e-01 6.893e-01    3.481    2.449    1.849
 4010 3.450e-01 4.530e-01 6.888e-01    3.476    2.446    1.848
 4015 3.445e-01 4.525e-01 6.884e-01    3.471    2.443    1.846
 4020 3.439e-01 4.521e-01 6.879e-01    3.466    2.441    1.845
 4025 3.434e-01 4.516e-01 6.875e-01    3.460    2.438    1.844
 4030 3.429e-01 4.511e-01 6.870e-01    3.455    2.435    1.843
 4035 3.424e-01 4.506e-01 6.866e-01    3.450    2.433    1.842
 4040 3.419e-01 4.501e-01 6.861e-01    3.445    2.430    1.840
 4045 3.413e-01 4.496e-01 6.857e-01    3.439    2.427    1.839
 4050 3.408e-01 4.491e-01 6.852e-01    3.434    2.424    1.838
 4055 3.403e-01 4.486e-01 6.848e-01    3.429    2.422    1.837
 4060 3.398e-01 4.480e-01 6.843e-01    3.423    2.419    1.836
 4065 3.392e-01 4.475e-01 6.838e-01    3.418    2.416    1.834
 4070 3.387e-01 4.470e-01 6.834e-01    3.413    2.413    1.833
 4075 3.382e-01 4.465e-01 6.829e-01    3.407    2.411    1.832
 4080 3.376e-01 4.460e-01 6.824e-01    3.402    2.408    1.831
 4085 3.371e-01 4.455e-01 6.820e-01    3.396    2.405    1.829
 4090 3.365e-01 4.450e-01 6.815e-01    3.391    2.402    1.828
 4095 3.360e-01 4.444e-01 6.810e-01    3.385    2.399    1.827
 4100 3.355e-01 4.439e-01 6.806e-01    3.380    2.397    1.826
 4105 3.349e-01 4.434e-01 6.801e-01    3.374    2.394    1.824
 4110 3.344e-01 4.429e-01 6.796e-01    3.369    2.391    1.823
 4115 3.338e-01 4.423e-01 6.791e-01    3.363    2.388    1.822
 4120 3.333e-01 4.418e-01 6.787e-01    3.358    2.385    1.820
 4125 3.327e-01 4.413e-01 6.782e-01    3.352    2.382    1.819
 4130 3.321e-01 4.407e-01 6.777e-01    3.347    2.380    1.818
 4135 3.316e-01 4.402e-01 6.772e-01    3.341    2.377    1.817
 4140 3.310e-01 4.397e-01 6.767e-01    3.335    2.374    1.815
 4145 3.305e-01 4.391e-01 6.762e-01    3.330    2.371    1.814
 4150 3.299e-01 4.386e-01 6.758e-01    3.324    2.368    1.813
 4155 3.293e-01 4.381e-01 6.753e-01    3.318    2.365    1.811
 4160 3.288e-01 4.375e-01 6.748e-01    3.313    2.362    1.810
 4165 3.282e-01 4.370e-01 6.743e-01    3.307    2.359    1.809
 4170 3.276e-01 4.364e-01 6.738e-01    3.301    2.356    1.807
 4175 3.271e-01 4.359e-01 6.733e-01    3.296    2.353    1.806
 4180 3.265e-01 4.353e-01 6.728e-01    3.290    2.350    1.805
 4185 3.259e-01 4.348e-01 6.723e-01    3.284    2.347    1.803
 4190 3.254e-01 4.343e-01 6.718e-01    3.278    2.345    1.802
 4195 3.248e-01 4.337e-01 6.713e-01    3.273    2.342    1.801
 4200 3.242e-01 4.332e-01 6.708e-01    3.267    2.339    1.799
 4205 3.236e-01 4.326e-01 6.703e-01    3.261    2.336    1.798
 4210 3.231e-01 4.321e-01 6.698e-01    3.255    2.333    1.797
 4215 3.225e-01 4.315e-01 6.693e-01    3.249    2.330    1.795
 4220 3.219e-01 4.309e-01 6.688e-01    3.243    2.327    1.794
 4225 3.213e-01 4.304e-01 6.683e-01    3.238    2.324    1.793
 4230 3.207e-01 4.298e-01 6.678e-01    3.232    2.321    1.791
 4235 3.202e-01 4.293e-01 6.673e-01    3.226    2.318    1.790
 4240 3.196e-01 4.287e-01 6.668e-01    3.220    2.315    1.789
 4245 3.190e-01 4.282e-01 6.663e-01    3.214    2.312    1.787
 4250 3.184e-01 4.276e-01 6.658e-01    3.208    2.309    1.786
 4255 3.178e-01 4.270e-01 6.653e-01    3.202    2.306    1.785
 4260 3.172e-01 4.265e-01 6.648e-01    3.196    2.303    1.783
 4265 3.167e-01 4.259e-01 6.643e-01    3.191    2.300    1.782
 4270 3.161e-01 4.254e-01 6.638e-01    3.185    2.296    1.781
 4275 3.155e-01 4.248e-01 6.633e-01    3.179    2.293    1.779
 4280 3.149e-01 4.242e-01 6.628e-01    3.173    2.290    1.778
 4285 3.143e-01 4.237e-01 6.623e-01    3.167    2.287    1.777
 4290 3.137e-01 4.231e-01 6.618e-01    3.161    2.284    1.775
 4295 3.131e-01 4.225e-01 6.613e-01    3.155    2.281    1.774
 4300 3.125e-01 4.220e-01 6.608e-01    3.149    2.278    1.772
 4305 3.119e-01 4.214e-01 6.603e-01    3.143    2.275    1.771
 4310 3.113e-01 4.208e-01 6.598e-01    3.137    2.272    1.770
 4315 3.107e-01 4.203e-01 6.592e-01    3.131    2.269    1.768
 4320 3.102e-01 4.197e-01 6.587e-01    3.125    2.266    1.767
 4325 3.096e-01 4.191e-01 6.582e-01    3.119    2.263    1.766
 4330 3.090e-01 4.186e-01 6.577e-01    3.113    2.260    1.764
 4335 3.084e-01 4.180e-01 6.572e-01    3.107    2.257    1.763
 4340 3.078e-01 4.174e-01 6.567e-01    3.101    2.254    1.762
 4345 3.072e-01 4.169e-01 6.562e-01    3.095    2.251    1.760
 4350 3.066e-01 4.163e-01 6.557e-01    3.089    2.248    1.759
 4355 3.060e-01 4.157e-01 6.552e-01    3.083    2.244    1.757
 4360 3.054e-01 4.152e-01 6.546e-01    3.077    2.241    1.756
 4365 3.048e-01 4.146e-01 6.541e-01    3.071    2.238    1.755
 4370 3.042e-01 4.140e-01 6.536e-01    3.065    2.235    1.753
 4375 3.036e-01 4.135e-01 6.531e-01    3.059    2.232    1.752
 4380 3.030e-01 4.129e-01 6.526e-01    3.053    2.229    1.751
 4385 3.024e-01 4.123e-01 6.521e-01    3.047    2.226    1.749
 4390 3.018e-01 4.117e-01 6.516e-01    3.041    2.223    1.748
 4395 3.012e-01 4.112e-01 6.511e-01    3.035    2.220    1.746
 4400 3.006e-01 4.106e-01 6.505e-01    3.029    2.217    1.745
 4405 3.000e-01 4.100e-01 6.500e-01    3.023    2.214    1.744
 4410 2.994e-01 4.095e-01 6.495e-01    3.017    2.211    1.742
 4415 2.988e-01 4.089e-01 6.490e-01    3.011    2.208    1.741
 4420 2.982e-01 4.083e-01 6.485e-01    3.005    2.205    1.740
 4425 2.977e-01 4.078e-01 6.480e-01    2.999    2.201    1.738
 4430 2.971e-01 4.072e-01 6.475e-01    2.993    2.198    1.737
 4435 2.965e-01 4.066e-01 6.470e-01    2.987    2.195    1.735
 4440 2.959e-01 4.060e-01 6.464e-01    2.981    2.192    1.734
 4445 2.953e-01 4.055e-01 6.459e-01    2.975    2.189    1.733
 4450 2.947e-01 4.049e-01 6.454e-01    2.969    2.186    1.731
 4455 2.941e-01 4.043e-01 6.449e-01    2.963    2.183    1.730
 4460 2.935e-01 4.038e-01 6.444e-01    2.957    2.180    1.729
 4465 2.929e-01 4.032e-01 6.439e-01    2.951    2.177    1.727
 4470 2.923e-01 4.026e-01 6.434e-01    2.945    2.174    1.726
 4475 2.917e-01 4.021e-01 6.429e-01    2.939    2.171    1.724
 4480 2.911e-01 4.015e-01 6.423e-01    2.933    2.168    1.723
 4485 2.905e-01 4.009e-01 6.418e-01    2.927    2.165    1.722
 4490 2.900e-01 4.004e-01 6.413e-01    2.921    2.162    1.720
 4495 2.894e-01 3.998e-01 6.408e-01    2.916    2.159    1.719
 4500 2.888e-01 3.993e-01 6.403e-01    2.910    2.156    1.718
 4505 2.882e-01 3.987e-01 6.398e-01    2.904    2.152    1.716
 4510 2.876e-01 3.981e-01 6.393e-01    2.898    2.149    1.715
 4515 2.870e-01 3.976e-01 6.388e-01    2.892    2.146    1.713
 4520 2.864e-01 3.970e-01 6.383e-01    2.886    2.143    1.712
 4525 2.858e-01 3.964e-01 6.377e-01    2.880    2.140    1.711
 4530 2.853e-01 3.959e-01 6.372e-01    2.874    2.137    1.709
 4535 2.847e-01 3.953e-01 6.367e-01    2.868    2.134    1.708
 4540 2.841e-01 3.948e-01 6.362e-01    2.862    2.131    1.707
 4545 2.835e-01 3.942e-01 6.357e-01    2.857    2.128    1.705
 4550 2.829e-01 3.936e-01 6.352e-01    2.851    2.125    1.704
 4555 2.824e-01 3.931e-01 6.347e-01    2.845    2.122    1.703
 4560 2.818e-01 3.925e-01 6.342e-01    2.839    2.119    1.701
 4565 2.812e-01 3.920e-01 6.337e-01    2.833    2.116    1.700
 4570 2.806e-01 3.914e-01 6.332e-01    2.827    2.113    1.698
 4575 2.800e-01 3.909e-01 6.327e-01    2.822    2.110    1.697
 4580 2.795e-01 3.903e-01 6.322e-01    2.816    2.107    1.696
 4585 2.789e-01 3.898e-01 6.317e-01    2.810    2.104    1.694
 4590 2.783e-01 3.892e-01 6.312e-01    2.804    2.101    1.693
 4595 2.777e-01 3.887e-01 6.307e-01    2.798    2.098    1.692
 4600 2.772e-01 3.881e-01 6.302e-01    2.793    2.095    1.690
 4605 2.766e-01 3.876e-01 6.296e-01    2.787    2.092    1.689
 4610 2.760e-01 3.870e-01 6.291e-01    2.781    2.089    1.688
 4615 2.755e-01 3.865e-01 6.286e-01    2.776    2.087    1.686
 4620 2.749e-01 3.859e-01 6.281e-01    2.770    2.084    1.685
 4625 2.743e-01 3.854e-01 6.276e-01    2.764    2.081    1.684
 4630 2.738e-01 3.848e-01 6.271e-01    2.758    2.078    1.682
 4635 2.732e-01 3.843e-01 6.266e-01    2.753    2.075    1.681
 4640 2.726e-01 3.837e-01 6.261e-01    2.747    2.072    1.680
 4645 2.721e-01 3.832e-01 6.256e-01    2.741    2.069    1.678
 4650 2.715e-01 3.827e-01 6.251e-01    2.736    2.066    1.677
 4655 2.710e-01 3.821e-01 6.246e-01    2.730    2.063    1.676
 4660 2.704e-01 3.816e-01 6.241e-01    2.725    2.060    1.674
 4665 2.699e-01 3.810e-01 6.236e-01    2.719    2.057    1.673
 4670 2.693e-01 3.805e-01 6.232e-01    2.713    2.054    1.672
 4675 2.687e-01 3.800e-01 6.227e-01    2.708    2.051    1.670
 4680 2.682e-01 3.794e-01 6.222e-01    2.702    2.049    1.669
 4685 2.676e-01 3.789e-01 6.217e-01    2.697    2.046    1.668
 4690 2.671e-01 3.784e-01 6.212e-01    2.691    2.043    1.666
 4695 2.666e-01 3.778e-01 6.207e-01    2.686    2.040    1.665
 4700 2.660e-01 3.773e-01 6.202e-01    2.680    2.037    1.664
 4705 2.655e-01 3.768e-01 6.197e-01    2.675    2.034    1.662
 4710 2.649e-01 3.763e-01 6.192e-01    2.669    2.031    1.661
 4715 2.644e-01 3.757e-01 6.187e-01    2.664    2.029    1.660
 4720 2.638e-01 3.752e-01 6.182e-01    2.658    2.026    1.658
 4725 2.633e-01 3.747e-01 6.177e-01    2.653    2.023    1.657
 4730 2.628e-01 3.742e-01 6.172e-01    2.647    2.020    1.656
 4735 2.622e-01 3.736e-01 6.167e-01    2.642    2.017    1.654
 4740 2.617e-01 3.731e-01 6.163e-01    2.637    2.014    1.653
 4745 2.612e-01 3.726e-01 6.158e-01    2.631    2.012    1.652
 4750 2.606e-01 3.721e-01 6.153e-01    2.626    2.009    1.650
 4755 2.601e-01 3.716e-01 6.148e-01    2.621    2.006    1.649
 4760 2.596e-01 3.711e-01 6.143e-01    2.615    2.003    1.648
 4765 2.590e-01 3.705e-01 6.138e-01    2.610    2.001    1.647
 4770 2.585e-01 3.700e-01 6.133e-01    2.605    1.998    1.645
 4775 2.580e-01 3.695e-01 6.129e-01    2.599    1.995    1.644
 4780 2.575e-01 3.690e-01 6.124e-01    2.594    1.992    1.643
 4785 2.569e-01 3.685e-01 6.119e-01    2.589    1.989    1.641
 4790 2.564e-01 3.680e-01 6.114e-01    2.584    1.987    1.640
 4795 2.559e-01 3.675e-01 6.109e-01    2.578    1.984    1.639
 4800 2.554e-01 3.670e-01 6.104e-01    2.573    1.981    1.637
 4805 2.549e-01 3.665e-01 6.100e-01    2.568    1.979    1.636
 4810 2.544e-01 3.660e-01 6.095e-01    2.563    1.976    1.635
 4815 2.538e-01 3.655e-01 6.090e-01    2.558    1.973    1.634
 4820 2.533e-01 3.650e-01 6.085e-01    2.553    1.970    1.632
 4825 2.528e-01 3.645e-01 6.080e-01    2.547    1.968    1.631
 4830 2.523e-01 3.640e-01 6.076e-01    2.542    1.965    1.630
 4835 2.518e-01 3.635e-01 6.071e-01    2.537    1.962    1.628
 4840 2.513e-01 3.630e-01 6.066e-01    2.532    1.960    1.627
 4845 2.508e-01 3.625e-01 6.061e-01    2.527    1.957    1.626
 4850 2.503e-01 3.620e-01 6.057e-01    2.522    1.954    1.625
 4855 2.498e-01 3.615e-01 6.052e-01    2.517    1.952    1.623
 4860 2.493e-01 3.610e-01 6.047e-01    2.512    1.949    1.622
 4865 2.488e-01 3.605e-01 6.043e-01    2.507    1.946    1.621
 4870 2.483e-01 3.600e-01 6.038e-01    2.502    1.944    1.620
 4875 2.478e-01 3.596e-01 6.033e-01    2.497    1.941    1.618
 4880 2.474e-01 3.591e-01 6.028e-01    2.492    1.939    1.617
 4885 2.469e-01 3.586e-01 6.024e-01    2.487    1.936    1.616
 4890 2.464e-01 3.581e-01 6.019e-01    2.482    1.933    1.615
 4895 2.459e-01 3.576e-01 6.014e-01    2.478    1.931    1.613
 4900 2.454e-01 3.572e-01 6.010e-01    2.473    1.928    1.612
 4905 2.449e-01 3.567e-01 6.005e-01    2.468    1.926    1.611
 4910 2.445e-01 3.562e-01 6.000e-01    2.463    1.923    1.610
 4915 2.440e-01 3.557e-01 5.996e-01    2.458    1.921    1.608
 4920 2.435e-01 3.553e-01 5.991e-01    2.453    1.918    1.607
 4925 2.430e-01 3.548e-01 5.986e-01    2.449    1.915    1.606
 4930 2.426e-01 3.543e-01 5.982e-01    2.444    1.913    1.605
 4935 2.421e-01 3.539e-01 5.977e-01    2.439    1.910    1.603
 4940 2.416e-01 3.534e-01 5.973e-01    2.434    1.908    1.602
 4945 2.411e-01 3.529e-01 5.968e-01    2.430    1.905    1.601
 4950 2.407e-01 3.525e-01 5.963e-01    2.425    1.903    1.600
 4955 2.402e-01 3.520e-01 5.959e-01    2.420    1.900    1.598
 4960 2.398e-01 3.515e-01 5.954e-01    2.416    1.898    1.597
 4965 2.393e-01 3.511e-01 5.950e-01    2.411    1.895    1.596
 4970 2.388e-01 3.506e-01 5.945e-01    2.406    1.893    1.595
 4975 2.384e-01 3.502e-01 5.940e-01    2.402    1.890    1.593
 4980 2.379e-01 3.497e-01 5.936e-01    2.397    1.888    1.592
 4985 2.375e-01 3.492e-01 5.931e-01    2.393    1.886    1.591
 4990 2.370e-01 3.488e-01 5.927e-01    2.388    1.883    1.590
 4995 2.366e-01 3.483e-01 5.922e-01    2.384    1.881    1.589
 5000 2.361e-01 3.479e-01 5.918e-01    2.379    1.878    1.587
 5005 2.357e-01 3.474e-01 5.913e-01    2.375    1.876    1.586
 5010 2.352e-01 3.470e-01 5.909e-01    2.370    1.873    1.585
 5015 2.348e-01 3.466e-01 5.904e-01    2.366    1.871    1.584
 5020 2.344e-01 3.461e-01 5.900e-01    2.361    1.869    1.583
 5025 2.339e-01 3.457e-01 5.895e-01    2.357    1.866    1.581
 5030 2.335e-01 3.452e-01 5.891e-01    2.352    1.864    1.580
 5035 2.330e-01 3.448e-01 5.886e-01    2.348    1.861    1.579
 5040 2.326e-01 3.444e-01 5.882e-01    2.344    1.859    1.578
 5045 2.322e-01 3.439e-01 5.877e-01    2.339    1.857    1.576
 5050 2.317e-01 3.435e-01 5.873e-01    2.335    1.854    1.575
 5055 2.313e-01 3.430e-01 5.868e-01    2.331    1.852    1.574
 5060 2.309e-01 3.426e-01 5.864e-01    2.326    1.850    1.573
 5065 2.305e-01 3.422e-01 5.859e-01    2.322    1.847    1.572
 5070 2.300e-01 3.418e-01 5.855e-01    2.318    1.845    1.571
 5075 2.296e-01 3.413e-01 5.850e-01    2.314    1.843    1.569
 5080 2.292e-01 3.409e-01 5.846e-01    2.309    1.840    1.568
 5085 2.288e-01 3.405e-01 5.842e-01    2.305    1.838    1.567
 5090 2.284e-01 3.400e-01 5.837e-01    2.301    1.836    1.566
 5095 2.280e-01 3.396e-01 5.833e-01    2.297    1.834    1.565
 5100 2.275e-01 3.392e-01 5.828e-01    2.293    1.831    1.563
 5105 2.271e-01 3.388e-01 5.824e-01    2.288    1.829    1.562
 5110 2.267e-01 3.384e-01 5.820e-01    2.284    1.827    1.561
 5115 2.263e-01 3.379e-01 5.815e-01    2.280    1.825    1.560
 5120 2.259e-01 3.375e-01 5.811e-01    2.276    1.822    1.559
 5125 2.255e-01 3.371e-01 5.806e-01    2.272    1.820    1.558
 5130 2.251e-01 3.367e-01 5.802e-01    2.268    1.818    1.556
 5135 2.247e-01 3.363e-01 5.798e-01    2.264    1.816    1.555
 5140 2.243e-01 3.359e-01 5.793e-01    2.260    1.813    1.554
 5145 2.239e-01 3.355e-01 5.789e-01    2.256    1.811    1.553
 5150 2.235e-01 3.351e-01 5.785e-01    2.252    1.809    1.552
 5155 2.231e-01 3.347e-01 5.780e-01    2.248    1.807    1.551
 5160 2.227e-01 3.343e-01 5.776e-01    2.244    1.805    1.549
 5165 2.223e-01 3.338e-01 5.772e-01    2.240    1.802    1.548
 5170 2.219e-01 3.334e-01 5.767e-01    2.236    1.800    1.547
 5175 2.216e-01 3.330e-01 5.763e-01    2.232    1.798    1.546
 5180 2.212e-01 3.326e-01 5.759e-01    2.228    1.796    1.545
 5185 2.208e-01 3.322e-01 5.755e-01    2.225    1.794    1.544
 5190 2.204e-01 3.319e-01 5.750e-01    2.221    1.792    1.542
 5195 2.200e-01 3.315e-01 5.746e-01    2.217    1.790    1.541
 5200 2.196e-01 3.311e-01 5.742e-01    2.213    1.787    1.540
 5205 2.193e-01 3.307e-01 5.737e-01    2.209    1.785    1.539
 5210 2.189e-01 3.303e-01 5.733e-01    2.205    1.783    1.538
 5215 2.185e-01 3.299e-01 5.729e-01    2.202    1.781    1.537
 5220 2.181e-01 3.295e-01 5.725e-01    2.198    1.779    1.536
 5225 2.178e-01 3.291e-01 5.720e-01    2.194    1.777    1.534
 5230 2.174e-01 3.287e-01 5.716e-01    2.190    1.775    1.533
 5235 2.170e-01 3.283e-01 5.712e-01    2.187    1.773    1.532
 5240 2.167e-01 3.280e-01 5.708e-01    2.183    1.771    1.531
 5245 2.163e-01 3.276e-01 5.703e-01    2.179    1.769    1.530
 5250 2.159e-01 3.272e-01 5.699e-01    2.176    1.766    1.529
 5255 2.156e-01 3.268e-01 5.695e-01    2.172    1.764    1.528
 5260 2.152e-01 3.264e-01 5.691e-01    2.168    1.762    1.527
 5265 2.149e-01 3.261e-01 5.687e-01    2.165    1.760    1.525
 5270 2.145e-01 3.257e-01 5.682e-01    2.161    1.758    1.524
 5275 2.141e-01 3.253e-01 5.678e-01    2.158    1.756    1.523
 5280 2.138e-01 3.249e-01 5.674e-01    2.154    1.754    1.522
 5285 2.134e-01 3.246e-01 5.670e-01    2.151    1.752    1.521
 5290 2.131e-01 3.242e-01 5.666e-01    2.147    1.750    1.520
 5295 2.127e-01 3.238e-01 5.662e-01    2.144    1.748    1.519
 5300 2.124e-01 3.234e-01 5.657e-01    2.140    1.746    1.518
 5305 2.120e-01 3.231e-01 5.653e-01    2.137    1.744    1.516
 5310 2.117e-01 3.227e-01 5.649e-01    2.133    1.742    1.515
 5315 2.114e-01 3.224e-01 5.645e-01    2.130    1.740    1.514
 5320 2.110e-01 3.220e-01 5.641e-01    2.126    1.738    1.513
 5325 2.107e-01 3.216e-01 5.637e-01    2.123    1.736    1.512
 5330 2.103e-01 3.213e-01 5.633e-01    2.119    1.734    1.511
 5335 2.100e-01 3.209e-01 5.629e-01    2.116    1.733    1.510
 5340 2.097e-01 3.205e-01 5.624e-01    2.113    1.731    1.509
 5345 2.093e-01 3.202e-01 5.620e-01    2.109    1.729    1.508
 5350 2.090e-01 3.198e-01 5.616e-01    2.106    1.727    1.507
 5355 2.087e-01 3.195e-01 5.612e-01    2.103    1.725    1.505
 5360 2.083e-01 3.191e-01 5.608e-01    2.099    1.723    1.504
 5365 2.080e-01 3.188e-01 5.604e-01    2.096    1.721    1.503
 5370 2.077e-01 3.184e-01 5.600e-01    2.093    1.719    1.502
 5375 2.074e-01 3.181e-01 5.596e-01    2.089    1.717    1.501
 5380 2.070e-01 3.177e-01 5.592e-01    2.086    1.715    1.500
 5385 2.067e-01 3.174e-01 5.588e-01    2.083    1.713    1.499
 5390 2.064e-01 3.170e-01 5.584e-01    2.080    1.712    1.498
 5395 2.061e-01 3.167e-01 5.580e-01    2.076    1.710    1.497
 5400 2.058e-01 3.163e-01 5.576e-01    2.073    1.708    1.496
 5405 2.054e-01 3.160e-01 5.572e-01    2.070    1.706    1.495
 5410 2.051e-01 3.156e-01 5.567e-01    2.067    1.704    1.493
 5415 2.048e-01 3.153e-01 5.563e-01    2.064    1.702    1.492
 5420 2.045e-01 3.150e-01 5.559e-01    2.061    1.700    1.491
 5425 2.042e-01 3.146e-01 5.555e-01    2.057    1.699    1.490
 5430 2.039e-01 3.143e-01 5.551e-01    2.054    1.697    1.489
 5435 2.036e-01 3.139e-01 5.547e-01    2.051    1.695    1.488
 5440 2.033e-01 3.136e-01 5.543e-01    2.048    1.693    1.487
 5445 2.030e-01 3.133e-01 5.539e-01    2.045    1.691    1.486
 5450 2.027e-01 3.129e-01 5.535e-01    2.042    1.690    1.485
 5455 2.024e-01 3.126e-01 5.531e-01    2.039    1.688    1.484
 5460 2.020e-01 3.123e-01 5.527e-01    2.036    1.686    1.483
 5465 2.017e-01 3.119e-01 5.523e-01    2.033    1.684    1.482
 5470 2.014e-01 3.116e-01 5.519e-01    2.030    1.682    1.481
 5475 2.012e-01 3.113e-01 5.515e-01    2.027    1.681    1.479
 5480 2.009e-01 3.109e-01 5.511e-01    2.024    1.679    1.478
 5485 2.006e-01 3.106e-01 5.508e-01    2.021    1.677    1.477
 5490 2.003e-01 3.103e-01 5.504e-01    2.018    1.675    1.476
 5495 2.000e-01 3.100e-01 5.500e-01    2.015    1.673    1.475
 5500 1.997e-01 3.096e-01 5.496e-01    2.012    1.672    1.474
 5505 1.994e-01 3.093e-01 5.492e-01    2.009    1.670    1.473
 5510 1.991e-01 3.090e-01 5.488e-01    2.006    1.668    1.472
 5515 1.988e-01 3.087e-01 5.484e-01    2.003    1.667    1.471
 5520 1.985e-01 3.084e-01 5.480e-01    2.000    1.665    1.470
 5525 1.982e-01 3.080e-01 5.476e-01    1.997    1.663    1.469
 5530 1.980e-01 3.077e-01 5.472e-01    1.995    1.661    1.468
 5535 1.977e-01 3.074e-01 5.468e-01    1.992    1.660    1.467
 5540 1.974e-01 3.071e-01 5.464e-01    1.989    1.658    1.466
 5545 1.971e-01 3.068e-01 5.460e-01    1.986    1.656    1.465
 5550 1.968e-01 3.065e-01 5.456e-01    1.983    1.655    1.464
 5555 1.965e-01 3.061e-01 5.452e-01    1.980    1.653    1.463
 5560 1.963e-01 3.058e-01 5.449e-01    1.978    1.651    1.462
 5565 1.960e-01 3.055e-01 5.445e-01    1.975    1.649    1.460
 5570 1.957e-01 3.052e-01 5.441e-01    1.972    1.648    1.459
 5575 1.954e-01 3.049e-01 5.437e-01    1.969    1.646    1.458
 5580 1.952e-01 3.046e-01 5.433e-01    1.966    1.644    1.457
 5585 1.949e-01 3.043e-01 5.429e-01    1.964    1.643    1.456
 5590 1.946e-01 3.040e-01 5.425e-01    1.961    1.641    1.455
 5595 1.944e-01 3.037e-01 5.421e-01    1.958    1.639    1.454
 5600 1.941e-01 3.034e-01 5.418e-01    1.956    1.638    1.453
 5605 1.938e-01 3.030e-01 5.414e-01    1.953    1.636    1.452
 5610 1.936e-01 3.027e-01 5.410e-01    1.950    1.634    1.451
 5615 1.933e-01 3.024e-01 5.406e-01    1.947    1.633    1.450
 5620 1.930e-01 3.021e-01 5.402e-01    1.945    1.631    1.449
 5625 1.928e-01 3.018e-01 5.398e-01    1.942    1.630    1.448
 5630 1.925e-01 3.015e-01 5.394e-01    1.939    1.628    1.447
 5635 1.922e-01 3.012e-01 5.391e-01    1.937    1.626    1.446
 5640 1.920e-01 3.009e-01 5.387e-01    1.934    1.625    1.445
 5645 1.917e-01 3.006e-01 5.383e-01    1.932    1.623    1.444
 5650 1.915e-01 3.003e-01 5.379e-01    1.929    1.622    1.443
 5655 1.912e-01 3.000e-01 5.375e-01    1.926    1.620    1.442
 5660 1.909e-01 2.997e-01 5.371e-01    1.924    1.618    1.441
 5665 1.907e-01 2.994e-01 5.368e-01    1.921    1.617    1.440
 5670 1.904e-01 2.992e-01 5.364e-01    1.919    1.615    1.439
 5675 1.902e-01 2.989e-01 5.360e-01    1.916    1.614    1.438
 5680 1.899e-01 2.986e-01 5.356e-01    1.914    1.612    1.437
 5685 1.897e-01 2.983e-01 5.352e-01    1.911    1.610    1.436
 5690 1.894e-01 2.980e-01 5.349e-01    1.908    1.609    1.435
 5695 1.892e-01 2.977e-01 5.345e-01    1.906    1.607    1.434
 5700 1.889e-01 2.974e-01 5.341e-01    1.903    1.606    1.433
 5705 1.887e-01 2.971e-01 5.337e-01    1.901    1.604    1.432
 5710 1.884e-01 2.968e-01 5.333e-01    1.898    1.603    1.431
 5715 1.882e-01 2.965e-01 5.330e-01    1.896    1.601    1.430
 5720 1.879e-01 2.962e-01 5.326e-01    1.893    1.599    1.429
 5725 1.877e-01 2.960e-01 5.322e-01    1.891    1.598    1.428
 5730 1.874e-01 2.957e-01 5.318e-01    1.889    1.596    1.427
 5735 1.872e-01 2.954e-01 5.315e-01    1.886    1.595    1.426
 5740 1.870e-01 2.951e-01 5.311e-01    1.884    1.593    1.425
 5745 1.867e-01 2.948e-01 5.307e-01    1.881    1.592    1.424
 5750 1.865e-01 2.945e-01 5.303e-01    1.879    1.590    1.423
 5755 1.862e-01 2.943e-01 5.299e-01    1.876    1.589    1.422
 5760 1.860e-01 2.940e-01 5.296e-01    1.874    1.587    1.421
 5765 1.858e-01 2.937e-01 5.292e-01    1.872    1.586    1.420
 5770 1.855e-01 2.934e-01 5.288e-01    1.869    1.584    1.419
 5775 1.853e-01 2.931e-01 5.284e-01    1.867    1.583    1.418
 5780 1.850e-01 2.929e-01 5.281e-01    1.864    1.581    1.417
 5785 1.848e-01 2.926e-01 5.277e-01    1.862    1.580    1.415
 5790 1.846e-01 2.923e-01 5.273e-01    1.860    1.578    1.414
 5795 1.843e-01 2.920e-01 5.269e-01    1.857    1.577    1.413
 5800 1.841e-01 2.917e-01 5.266e-01    1.855    1.575    1.412
 5805 1.839e-01 2.915e-01 5.262e-01    1.853    1.574    1.411
 5810 1.836e-01 2.912e-01 5.258e-01    1.850    1.572    1.410
 5815 1.834e-01 2.909e-01 5.255e-01    1.848    1.571    1.409
 5820 1.832e-01 2.906e-01 5.251e-01    1.846    1.569    1.408
 5825 1.830e-01 2.904e-01 5.247e-01    1.843    1.568    1.407
 5830 1.827e-01 2.901e-01 5.243e-01    1.841    1.566    1.406
 5835 1.825e-01 2.898e-01 5.240e-01    1.839    1.565    1.405
 5840 1.823e-01 2.895e-01 5.236e-01    1.836    1.563    1.405
 5845 1.820e-01 2.893e-01 5.232e-01    1.834    1.562    1.404
 5850 1.818e-01 2.890e-01 5.229e-01    1.832    1.560    1.403
 5855 1.816e-01 2.887e-01 5.225e-01    1.830    1.559    1.402
 5860 1.814e-01 2.885e-01 5.221e-01    1.827    1.557    1.401
 5865 1.811e-01 2.882e-01 5.217e-01    1.825    1.556    1.400
 5870 1.809e-01 2.879e-01 5.214e-01    1.823    1.554    1.399
 5875 1.807e-01 2.877e-01 5.210e-01    1.821    1.553    1.398
 5880 1.805e-01 2.874e-01 5.206e-01    1.818    1.552    1.397
 5885 1.803e-01 2.871e-01 5.203e-01    1.816    1.550    1.396
 5890 1.800e-01 2.868e-01 5.199e-01    1.814    1.549    1.395
 5895 1.798e-01 2.866e-01 5.195e-01    1.812    1.547    1.394
 5900 1.796e-01 2.863e-01 5.192e-01    1.810    1.546    1.393
 5905 1.794e-01 2.860e-01 5.188e-01    1.807    1.544    1.392
 5910 1.792e-01 2.858e-01 5.184e-01    1.805    1.543    1.391
 5915 1.789e-01 2.855e-01 5.181e-01    1.803    1.541    1.390
 5920 1.787e-01 2.853e-01 5.177e-01    1.801    1.540    1.389
 5925 1.785e-01 2.850e-01 5.173e-01    1.799    1.539    1.388
 5930 1.783e-01 2.847e-01 5.170e-01    1.796    1.537    1.387
 5935 1.781e-01 2.845e-01 5.166e-01    1.794    1.536    1.386
 5940 1.779e-01 2.842e-01 5.162e-01    1.792    1.534    1.385
 5945 1.776e-01 2.839e-01 5.159e-01    1.790    1.533    1.384
 5950 1.774e-01 2.837e-01 5.155e-01    1.788    1.532    1.383
 5955 1.772e-01 2.834e-01 5.151e-01    1.786    1.530    1.382
 5960 1.770e-01 2.832e-01 5.148e-01    1.783    1.529    1.381
 5965 1.768e-01 2.829e-01 5.144e-01    1.781    1.527    1.380
 5970 1.766e-01 2.826e-01 5.140e-01    1.779    1.526    1.379
 5975 1.764e-01 2.824e-01 5.137e-01    1.777    1.525    1.378
 5980 1.762e-01 2.821e-01 5.133e-01    1.775    1.523    1.377
 5985 1.759e-01 2.819e-01 5.129e-01    1.773    1.522    1.376
 5990 1.757e-01 2.816e-01 5.126e-01    1.771    1.520    1.375
 5995 1.755e-01 2.813e-01 5.122e-01    1.769    1.519    1.374
 6000 1.753e-01 2.811e-01 5.118e-01    1.766    1.518    1.373
 6005 1.751e-01 2.808e-01 5.115e-01    1.764    1.516    1.372
 6010 1.749e-01 2.806e-01 5.111e-01    1.762    1.515    1.371
 6015 1.747e-01 2.803e-01 5.107e-01    1.760    1.513    1.370
 6020 1.745e-01 2.801e-01 5.104e-01    1.758    1.512    1.369
 6025 1.743e-01 2.798e-01 5.100e-01    1.756    1.511    1.368
 6030 1.741e-01 2.795e-01 5.097e-01    1.754    1.509    1.367
 6035 1.739e-01 2.793e-01 5.093e-01    1.752    1.508    1.366
 6040 1.737e-01 2.790e-01 5.089e-01    1.750    1.506    1.365
 6045 1.735e-01 2.788e-01 5.086e-01    1.748    1.505    1.364
 6050 1.733e-01 2.785e-01 5.082e-01    1.746    1.504    1.363
 6055 1.731e-01 2.783e-01 5.078e-01    1.744    1.502    1.362
 6060 1.728e-01 2.780e-01 5.075e-01    1.742    1.501    1.361
 6065 1.726e-01 2.778e-01 5.071e-01    1.740    1.500    1.360
 6070 1.724e-01 2.775e-01 5.068e-01    1.737    1.498    1.359
 6075 1.722e-01 2.773e-01 5.064e-01    1.735    1.497    1.358
 6080 1.720e-01 2.770e-01 5.060e-01    1.733    1.496    1.357
 6085 1.718e-01 2.768e-01 5.057e-01    1.731    1.494    1.356
 6090 1.716e-01 2.765e-01 5.053e-01    1.729    1.493    1.355
 6095 1.714e-01 2.763e-01 5.049e-01    1.727    1.491    1.354
 6100 1.712e-01 2.760e-01 5.046e-01    1.725    1.490    1.354
 6105 1.710e-01 2.757e-01 5.042e-01    1.723    1.489    1.353
 6110 1.708e-01 2.755e-01 5.039e-01    1.721    1.487    1.352
 6115 1.706e-01 2.752e-01 5.035e-01    1.719    1.486    1.351
 6120 1.704e-01 2.750e-01 5.031e-01    1.717    1.485    1.350
 6125 1.702e-01 2.747e-01 5.028e-01    1.715    1.483    1.349
 6130 1.700e-01 2.745e-01 5.024e-01    1.713    1.482    1.348
 6135 1.698e-01 2.742e-01 5.021e-01    1.711    1.481    1.347
 6140 1.696e-01 2.740e-01 5.017e-01    1.709    1.479    1.346
 6145 1.694e-01 2.738e-01 5.013e-01    1.707    1.478    1.345
 6150 1.692e-01 2.735e-01 5.010e-01    1.705    1.477    1.344
 6155 1.690e-01 2.733e-01 5.006e-01    1.703    1.475    1.343
 6160 1.688e-01 2.730e-01 5.003e-01    1.701    1.474    1.342
 6165 1.687e-01 2.728e-01 4.999e-01    1.699    1.473    1.341
 6170 1.685e-01 2.725e-01 4.995e-01    1.697    1.471    1.340
 6175 1.683e-01 2.723e-01 4.992e-01    1.695    1.470    1.339
 6180 1.681e-01 2.720e-01 4.988e-01    1.693    1.469    1.338
 6185 1.679e-01 2.718e-01 4.985e-01    1.691    1.467    1.337
 6190 1.677e-01 2.715e-01 4.981e-01    1.689    1.466    1.336
 6195 1.675e-01 2.713e-01 4.978e-01    1.687    1.465    1.335
 6200 1.673e-01 2.710e-01 4.974e-01    1.685    1.463    1.334
 6205 1.671e-01 2.708e-01 4.970e-01    1.684    1.462    1.333
 6210 1.669e-01 2.705e-01 4.967e-01    1.682    1.461    1.332
 6215 1.667e-01 2.703e-01 4.963e-01    1.680    1.459    1.331
 6220 1.665e-01 2.700e-01 4.960e-01    1.678    1.458    1.330
 6225 1.663e-01 2.698e-01 4.956e-01    1.676    1.457    1.329
 6230 1.661e-01 2.696e-01 4.952e-01    1.674    1.455    1.328
 6235 1.659e-01 2.693e-01 4.949e-01    1.672    1.454    1.327
 6240 1.657e-01 2.691e-01 4.945e-01    1.670    1.453    1.327
 6245 1.655e-01 2.688e-01 4.942e-01    1.668    1.451    1.326
 6250 1.653e-01 2.686e-01 4.938e-01    1.666    1.450    1.325
 6255 1.652e-01 2.683e-01 4.935e-01    1.664    1.449    1.324
 6260 1.650e-01 2.681e-01 4.931e-01    1.662    1.447    1.323
 6265 1.648e-01 2.678e-01 4.927e-01    1.660    1.446    1.322
 6270 1.646e-01 2.676e-01 4.924e-01    1.658    1.445    1.321
 6275 1.644e-01 2.674e-01 4.920e-01    1.656    1.443    1.320
 6280 1.642e-01 2.671e-01 4.917e-01    1.654    1.442    1.319
 6285 1.640e-01 2.669e-01 4.913e-01    1.652    1.441    1.318
 6290 1.638e-01 2.666e-01 4.910e-01    1.651    1.440    1.317
 6295 1.636e-01 2.664e-01 4.906e-01    1.649    1.438    1.316
 6300 1.634e-01 2.661e-01 4.903e-01    1.647    1.437    1.315
 6305 1.632e-01 2.659e-01 4.899e-01    1.645    1.436    1.314
 6310 1.631e-01 2.657e-01 4.895e-01    1.643    1.434    1.313
 6315 1.629e-01 2.654e-01 4.892e-01    1.641    1.433    1.312
 6320 1.627e-01 2.652e-01 4.888e-01    1.639    1.432    1.311
 6325 1.625e-01 2.649e-01 4.885e-01    1.637    1.430    1.310
 6330 1.623e-01 2.647e-01 4.881e-01    1.635    1.429    1.309
 6335 1.621e-01 2.645e-01 4.878e-01    1.633    1.428    1.308
 6340 1.619e-01 2.642e-01 4.874e-01    1.631    1.426    1.307
 6345 1.617e-01 2.640e-01 4.870e-01    1.629    1.425    1.306
 6350 1.615e-01 2.637e-01 4.867e-01    1.628    1.424    1.306
 6355 1.613e-01 2.635e-01 4.863e-01    1.626    1.423    1.305
 6360 1.612e-01 2.632e-01 4.860e-01    1.624    1.421    1.304
 6365 1.610e-01 2.630e-01 4.856e-01    1.622    1.420    1.303
 6370 1.608e-01 2.628e-01 4.853e-01    1.620    1.419    1.302
 6375 1.606e-01 2.625e-01 4.849e-01    1.618    1.417    1.301
 6380 1.604e-01 2.623e-01 4.846e-01    1.616    1.416    1.300
 6385 1.602e-01 2.620e-01 4.842e-01    1.614    1.415    1.299
 6390 1.600e-01 2.618e-01 4.839e-01    1.612    1.413    1.298
 6395 1.598e-01 2.616e-01 4.835e-01    1.610    1.412    1.297
 6400 1.596e-01 2.613e-01 4.831e-01    1.609    1.411    1.296
 6405 1.595e-01 2.611e-01 4.828e-01    1.607    1.410    1.295
 6410 1.593e-01 2.608e-01 4.824e-01    1.605    1.408    1.294
 6415 1.591e-01 2.606e-01 4.821e-01    1.603    1.407    1.293
 6420 1.589e-01 2.604e-01 4.817e-01    1.601    1.406    1.292
 6425 1.587e-01 2.601e-01 4.814e-01    1.599    1.404    1.291
 6430 1.585e-01 2.599e-01 4.810e-01    1.597    1.403    1.290
 6435 1.583e-01 2.596e-01 4.807e-01    1.595    1.402    1.289
 6440 1.581e-01 2.594e-01 4.803e-01    1.593    1.400    1.288
 6445 1.580e-01 2.592e-01 4.800e-01    1.591    1.399    1.287
 6450 1.578e-01 2.589e-01 4.796e-01    1.590    1.398    1.286
 6455 1.576e-01 2.587e-01 4.792e-01    1.588    1.397    1.286
 6460 1.574e-01 2.584e-01 4.789e-01    1.586    1.395    1.285
 6465 1.572e-01 2.582e-01 4.785e-01    1.584    1.394    1.284
 6470 1.570e-01 2.580e-01 4.782e-01    1.582    1.393    1.283
 6475 1.568e-01 2.577e-01 4.778e-01    1.580    1.391    1.282
 6480 1.566e-01 2.575e-01 4.775e-01    1.578    1.390    1.281
 6485 1.565e-01 2.572e-01 4.771e-01    1.576    1.389    1.280
 6490 1.563e-01 2.570e-01 4.768e-01    1.574    1.387    1.279
 6495 1.561e-01 2.568e-01 4.764e-01    1.573    1.386    1.278
 6500 1.559e-01 2.565e-01 4.761e-01    1.571    1.385    1.277
 6505 1.557e-01 2.563e-01 4.757e-01    1.569    1.384    1.276
 6510 1.555e-01 2.560e-01 4.754e-01    1.567    1.382    1.275
 6515 1.553e-01 2.558e-01 4.750e-01    1.565    1.381    1.274
 6520 1.551e-01 2.556e-01 4.747e-01    1.563    1.380    1.273
 6525 1.550e-01 2.553e-01 4.743e-01    1.561    1.378    1.272
 6530 1.548e-01 2.551e-01 4.739e-01    1.559    1.377    1.271
 6535 1.546e-01 2.548e-01 4.736e-01    1.557    1.376    1.270
 6540 1.544e-01 2.546e-01 4.732e-01    1.556    1.375    1.269
 6545 1.542e-01 2.544e-01 4.729e-01    1.554    1.373    1.268
 6550 1.540e-01 2.541e-01 4.725e-01    1.552    1.372    1.268
 6555 1.538e-01 2.539e-01 4.722e-01    1.550    1.371    1.267
 6560 1.536e-01 2.536e-01 4.718e-01    1.548    1.369    1.266
 6565 1.535e-01 2.534e-01 4.715e-01    1.546    1.368    1.265
 6570 1.533e-01 2.532e-01 4.711e-01    1.544    1.367    1.264
 6575 1.531e-01 2.529e-01 4.708e-01    1.542    1.366    1.263
 6580 1.529e-01 2.527e-01 4.704e-01    1.541    1.364    1.262
 6585 1.527e-01 2.524e-01 4.701e-01    1.539    1.363    1.261
 6590 1.525e-01 2.522e-01 4.697e-01    1.537    1.362    1.260
 6595 1.523e-01 2.520e-01 4.694e-01    1.535    1.360    1.259
 6600 1.521e-01 2.517e-01 4.690e-01    1.533    1.359    1.258
 6605 1.520e-01 2.515e-01 4.687e-01    1.531    1.358    1.257
 6610 1.518e-01 2.513e-01 4.683e-01    1.529    1.357    1.256
 6615 1.516e-01 2.510e-01 4.680e-01    1.527    1.355    1.255
 6620 1.514e-01 2.508e-01 4.676e-01    1.525    1.354    1.254
 6625 1.512e-01 2.505e-01 4.672e-01    1.524    1.353    1.253
 6630 1.510e-01 2.503e-01 4.669e-01    1.522    1.351    1.252
 6635 1.508e-01 2.501e-01 4.665e-01    1.520    1.350    1.251
 6640 1.506e-01 2.498e-01 4.662e-01    1.518    1.349    1.251
 6645 1.505e-01 2.496e-01 4.658e-01    1.516    1.347    1.250
 6650 1.503e-01 2.493e-01 4.655e-01    1.514    1.346    1.249
 6655 1.501e-01 2.491e-01 4.651e-01    1.512    1.345    1.248
 6660 1.499e-01 2.489e-01 4.648e-01    1.510    1.344    1.247
 6665 1.497e-01 2.486e-01 4.644e-01    1.508    1.342    1.246
 6670 1.495e-01 2.484e-01 4.641e-01    1.507    1.341    1.245
 6675 1.493e-01 2.481e-01 4.637e-01    1.505    1.340    1.244
 6680 1.492e-01 2.479e-01 4.634e-01    1.503    1.338    1.243
 6685 1.490e-01 2.477e-01 4.630e-01    1.501    1.337    1.242
 6690 1.488e-01 2.474e-01 4.627e-01    1.499    1.336    1.241
 6695 1.486e-01 2.472e-01 4.623e-01    1.497    1.335    1.240
 6700 1.484e-01 2.470e-01 4.620e-01    1.495    1.333    1.239
 6705 1.482e-01 2.467e-01 4.616e-01    1.493    1.332    1.238
 6710 1.480e-01 2.465e-01 4.613e-01    1.491    1.331    1.237
 6715 1.478e-01 2.462e-01 4.609e-01    1.490    1.329    1.236
 6720 1.476e-01 2.460e-01 4.606e-01    1.488    1.328    1.235
 6725 1.475e-01 2.458e-01 4.602e-01    1.486    1.327    1.234
 6730 1.473e-01 2.455e-01 4.599e-01    1.484    1.326    1.234
 6735 1.471e-01 2.453e-01 4.595e-01    1.482    1.324    1.233
 6740 1.469e-01 2.450e-01 4.592e-01    1.480    1.323    1.232
 6745 1.467e-01 2.448e-01 4.588e-01    1.478    1.322    1.231
 6750 1.465e-01 2.446e-01 4.585e-01    1.476    1.320    1.230
 6755 1.463e-01 2.443e-01 4.581e-01    1.474    1.319    1.229
 6760 1.461e-01 2.441e-01 4.578e-01    1.472    1.318    1.228
 6765 1.460e-01 2.438e-01 4.574e-01    1.471    1.316    1.227
 6770 1.458e-01 2.436e-01 4.571e-01    1.469    1.315    1.226
 6775 1.456e-01 2.434e-01 4.567e-01    1.467    1.314    1.225
 6780 1.454e-01 2.431e-01 4.564e-01    1.465    1.313    1.224
 6785 1.452e-01 2.429e-01 4.560e-01    1.463    1.311    1.223
 6790 1.450e-01 2.426e-01 4.557e-01    1.461    1.310    1.222
 6795 1.448e-01 2.424e-01 4.553e-01    1.459    1.309    1.221
 6800 1.446e-01 2.422e-01 4.550e-01    1.457    1.307    1.220
 6805 1.444e-01 2.419e-01 4.546e-01    1.455    1.306    1.219
 6810 1.443e-01 2.417e-01 4.543e-01    1.453    1.305    1.218
 6815 1.441e-01 2.414e-01 4.539e-01    1.452    1.304    1.218
 6820 1.439e-01 2.412e-01 4.536e-01    1.450    1.302    1.217
 6825 1.437e-01 2.410e-01 4.532e-01    1.448    1.301    1.216
 6830 1.435e-01 2.407e-01 4.529e-01    1.446    1.300    1.215
 6835 1.433e-01 2.405e-01 4.525e-01    1.444    1.298    1.214
 6840 1.431e-01 2.402e-01 4.521e-01    1.442    1.297    1.213
 6845 1.429e-01 2.400e-01 4.518e-01    1.440    1.296    1.212
 6850 1.427e-01 2.398e-01 4.514e-01    1.438    1.294    1.211
 6855 1.426e-01 2.395e-01 4.511e-01    1.436    1.293    1.210
 6860 1.424e-01 2.393e-01 4.507e-01    1.434    1.292    1.209
 6865 1.422e-01 2.390e-01 4.504e-01    1.433    1.291    1.208
 6870 1.420e-01 2.388e-01 4.500e-01    1.431    1.289    1.207
 6875 1.418e-01 2.386e-01 4.497e-01    1.429    1.288    1.206
 6880 1.416e-01 2.383e-01 4.493e-01    1.427    1.287    1.205
 6885 1.414e-01 2.381e-01 4.490e-01    1.425    1.285    1.204
 6890 1.412e-01 2.378e-01 4.486e-01    1.423    1.284    1.203
 6895 1.410e-01 2.376e-01 4.483e-01    1.421    1.283    1.203
 6900 1.408e-01 2.374e-01 4.479e-01    1.419    1.282    1.202
 6905 1.407e-01 2.371e-01 4.476e-01    1.417    1.280    1.201
 6910 1.405e-01 2.369e-01 4.473e-01    1.415    1.279    1.200
 6915 1.403e-01 2.366e-01 4.469e-01    1.413    1.278    1.199
 6920 1.401e-01 2.364e-01 4.466e-01    1.411    1.276    1.198
 6925 1.399e-01 2.362e-01 4.462e-01    1.410    1.275    1.197
 6930 1.397e-01 2.359e-01 4.459e-01    1.408    1.274    1.196
 6935 1.395e-01 2.357e-01 4.455e-01    1.406    1.272    1.195
 6940 1.393e-01 2.354e-01 4.452e-01    1.404    1.271    1.194
 6945 1.391e-01 2.352e-01 4.448e-01    1.402    1.270    1.193
 6950 1.389e-01 2.350e-01 4.445e-01    1.400    1.269    1.192
 6955 1.388e-01 2.347e-01 4.441e-01    1.398    1.267    1.191
 6960 1.386e-01 2.345e-01 4.438e-01    1.396    1.266    1.190
 6965 1.384e-01 2.342e-01 4.434e-01    1.394    1.265    1.189
 6970 1.382e-01 2.340e-01 4.431e-01    1.392    1.263    1.188
 6975 1.380e-01 2.338e-01 4.427e-01    1.390    1.262    1.188
 6980 1.378e-01 2.335e-01 4.424e-01    1.388    1.261    1.187
 6985 1.376e-01 2.333e-01 4.420e-01    1.386    1.259    1.186
 6990 1.374e-01 2.330e-01 4.417e-01    1.385    1.258    1.185
 6995 1.372e-01 2.328e-01 4.413e-01    1.383    1.257    1.184
 7000 1.370e-01 2.326e-01 4.410e-01    1.381    1.256    1.183
 7005 1.368e-01 2.323e-01 4.406e-01    1.379    1.254    1.182
 7010 1.367e-01 2.321e-01 4.403e-01    1.377    1.253    1.181
 7015 1.365e-01 2.318e-01 4.399e-01    1.375    1.252    1.180
 7020 1.363e-01 2.316e-01 4.396e-01    1.373    1.250    1.179
 7025 1.361e-01 2.313e-01 4.392e-01    1.371    1.249    1.178
 7030 1.359e-01 2.311e-01 4.389e-01    1.369    1.248    1.177
 7035 1.357e-01 2.309e-01 4.385e-01    1.367    1.246    1.176
 7040 1.355e-01 2.306e-01 4.382e-01    1.365    1.245    1.175
 7045 1.353e-01 2.304e-01 4.378e-01    1.363    1.244    1.174
 7050 1.351e-01 2.301e-01 4.375e-01    1.361    1.243    1.173
 7055 1.349e-01 2.299e-01 4.371e-01    1.359    1.241    1.173
 7060 1.347e-01 2.297e-01 4.368e-01    1.358    1.240    1.172
 7065 1.345e-01 2.294e-01 4.364e-01    1.356    1.239    1.171
 7070 1.343e-01 2.292e-01 4.361e-01    1.354    1.237    1.170
 7075 1.342e-01 2.289e-01 4.357e-01    1.352    1.236    1.169
 7080 1.340e-01 2.287e-01 4.354e-01    1.350    1.235    1.168
 7085 1.338e-01 2.285e-01 4.350e-01    1.348    1.233    1.167
 7090 1.336e-01 2.282e-01 4.347e-01    1.346    1.232    1.166
 7095 1.334e-01 2.280e-01 4.343e-01    1.344    1.231    1.165
 7100 1.332e-01 2.277e-01 4.340e-01    1.342    1.230    1.164
 7105 1.330e-01 2.275e-01 4.336e-01    1.340    1.228    1.163
 7110 1.328e-01 2.272e-01 4.333e-01    1.338    1.227    1.162
 7115 1.326e-01 2.270e-01 4.330e-01    1.336    1.226    1.161
 7120 1.324e-01 2.268e-01 4.326e-01    1.334    1.224    1.160
 7125 1.322e-01 2.265e-01 4.323e-01    1.332    1.223    1.159
 7130 1.320e-01 2.263e-01 4.319e-01    1.330    1.222    1.159
 7135 1.318e-01 2.260e-01 4.316e-01    1.328    1.220    1.158
 7140 1.317e-01 2.258e-01 4.312e-01    1.327    1.219    1.157
 7145 1.315e-01 2.256e-01 4.309e-01    1.325    1.218    1.156
 7150 1.313e-01 2.253e-01 4.305e-01    1.323    1.216    1.155
 7155 1.311e-01 2.251e-01 4.302e-01    1.321    1.215    1.154
 7160 1.309e-01 2.248e-01 4.298e-01    1.319    1.214    1.153
 7165 1.307e-01 2.246e-01 4.295e-01    1.317    1.213    1.152
 7170 1.305e-01 2.244e-01 4.291e-01    1.315    1.211    1.151
 7175 1.303e-01 2.241e-01 4.288e-01    1.313    1.210    1.150
 7180 1.301e-01 2.239e-01 4.284e-01    1.311    1.209    1.149
 7185 1.299e-01 2.236e-01 4.281e-01    1.309    1.207    1.148
 7190 1.297e-01 2.234e-01 4.277e-01    1.307    1.206    1.147
 7195 1.295e-01 2.231e-01 4.274e-01    1.305    1.205    1.146
 7200 1.293e-01 2.229e-01 4.270e-01    1.303    1.203    1.146
 7205 1.291e-01 2.227e-01 4.267e-01    1.301    1.202    1.145
 7210 1.290e-01 2.224e-01 4.264e-01    1.299    1.201    1.144
 7215 1.288e-01 2.222e-01 4.260e-01    1.297    1.200    1.143
 7220 1.286e-01 2.219e-01 4.257e-01    1.295    1.198    1.142
 7225 1.284e-01 2.217e-01 4.253e-01    1.293    1.197    1.141
 7230 1.282e-01 2.215e-01 4.250e-01    1.291    1.196    1.140
 7235 1.280e-01 2.212e-01 4.246e-01    1.290    1.194    1.139
 7240 1.278e-01 2.210e-01 4.243e-01    1.288    1.193    1.138
 7245 1.276e-01 2.207e-01 4.239e-01    1.286    1.192    1.137
 7250 1.274e-01 2.205e-01 4.236e-01    1.284    1.190    1.136
 7255 1.272e-01 2.202e-01 4.232e-01    1.282    1.189    1.135
 7260 1.270e-01 2.200e-01 4.229e-01    1.280    1.188    1.134
 7265 1.268e-01 2.198e-01 4.225e-01    1.278    1.186    1.133
 7270 1.266e-01 2.195e-01 4.222e-01    1.276    1.185    1.133
 7275 1.264e-01 2.193e-01 4.219e-01    1.274    1.184    1.132
 7280 1.262e-01 2.190e-01 4.215e-01    1.272    1.183    1.131
 7285 1.261e-01 2.188e-01 4.212e-01    1.270    1.181    1.130
 7290 1.259e-01 2.186e-01 4.208e-01    1.268    1.180    1.129
 7295 1.257e-01 2.183e-01 4.205e-01    1.266    1.179    1.128
 7300 1.255e-01 2.181e-01 4.201e-01    1.264    1.177    1.127
 7305 1.253e-01 2.178e-01 4.198e-01    1.262    1.176    1.126
 7310 1.251e-01 2.176e-01 4.194e-01    1.260    1.175    1.125
 7315 1.249e-01 2.174e-01 4.191e-01    1.258    1.173    1.124
 7320 1.247e-01 2.171e-01 4.187e-01    1.256    1.172    1.123
 7325 1.245e-01 2.169e-01 4.184e-01    1.254    1.171    1.122
 7330 1.243e-01 2.166e-01 4.181e-01    1.253    1.170    1.121
 7335 1.241e-01 2.164e-01 4.177e-01    1.251    1.168    1.120
 7340 1.239e-01 2.161e-01 4.174e-01    1.249    1.167    1.120
 7345 1.237e-01 2.159e-01 4.170e-01    1.247    1.166    1.119
 7350 1.235e-01 2.157e-01 4.167e-01    1.245    1.164    1.118
 7355 1.233e-01 2.154e-01 4.163e-01    1.243    1.163    1.117
 7360 1.231e-01 2.152e-01 4.160e-01    1.241    1.162    1.116
 7365 1.230e-01 2.149e-01 4.156e-01    1.239    1.160    1.115
 7370 1.228e-01 2.147e-01 4.153e-01    1.237    1.159    1.114
 7375 1.226e-01 2.145e-01 4.150e-01    1.235    1.158    1.113
 7380 1.224e-01 2.142e-01 4.146e-01    1.233    1.157    1.112
 7385 1.222e-01 2.140e-01 4.143e-01    1.231    1.155    1.111
 7390 1.220e-01 2.137e-01 4.139e-01    1.229    1.154    1.110
 7395 1.218e-01 2.135e-01 4.136e-01    1.227    1.153    1.109
 7400 1.216e-01 2.133e-01 4.132e-01    1.225    1.151    1.108
 7405 1.214e-01 2.130e-01 4.129e-01    1.223    1.150    1.108
 7410 1.212e-01 2.128e-01 4.125e-01    1.221    1.149    1.107
 7415 1.210e-01 2.125e-01 4.122e-01    1.219    1.147    1.106
 7420 1.208e-01 2.123e-01 4.119e-01    1.217    1.146    1.105
 7425 1.206e-01 2.121e-01 4.115e-01    1.216    1.145    1.104
 7430 1.204e-01 2.118e-01 4.112e-01    1.214    1.144    1.103
 7435 1.203e-01 2.116e-01 4.108e-01    1.212    1.142    1.102
 7440 1.201e-01 2.113e-01 4.105e-01    1.210    1.141    1.101
 7445 1.199e-01 2.111e-01 4.101e-01    1.208    1.140    1.100
 7450 1.197e-01 2.109e-01 4.098e-01    1.206    1.138    1.099
 7455 1.195e-01 2.106e-01 4.095e-01    1.204    1.137    1.098
 7460 1.193e-01 2.104e-01 4.091e-01    1.202    1.136    1.097
 7465 1.191e-01 2.101e-01 4.088e-01    1.200    1.135    1.096
 7470 1.189e-01 2.099e-01 4.084e-01    1.198    1.133    1.096
 7475 1.187e-01 2.097e-01 4.081e-01    1.196    1.132    1.095
 7480 1.185e-01 2.094e-01 4.077e-01    1.194    1.131    1.094
 7485 1.183e-01 2.092e-01 4.074e-01    1.192    1.129    1.093
 7490 1.181e-01 2.089e-01 4.071e-01    1.190    1.128    1.092
 7495 1.179e-01 2.087e-01 4.067e-01    1.188    1.127    1.091
 7500 1.177e-01 2.085e-01 4.064e-01    1.186    1.125    1.090
 7505 1.176e-01 2.082e-01 4.060e-01    1.184    1.124    1.089
 7510 1.174e-01 2.080e-01 4.057e-01    1.183    1.123    1.088
 7515 1.172e-01 2.077e-01 4.053e-01    1.181    1.122    1.087
 7520 1.170e-01 2.075e-01 4.050e-01    1.179    1.120    1.086
 7525 1.168e-01 2.073e-01 4.047e-01    1.177    1.119    1.085
 7530 1.166e-01 2.070e-01 4.043e-01    1.175    1.118    1.085
 7535 1.164e-01 2.068e-01 4.040e-01    1.173    1.116    1.084
 7540 1.162e-01 2.065e-01 4.036e-01    1.171    1.115    1.083
 7545 1.160e-01 2.063e-01 4.033e-01    1.169    1.114    1.082
 7550 1.158e-01 2.061e-01 4.030e-01    1.167    1.113    1.081
 7555 1.156e-01 2.058e-01 4.026e-01    1.165    1.111    1.080
 7560 1.154e-01 2.056e-01 4.023e-01    1.163    1.110    1.079
 7565 1.153e-01 2.054e-01 4.019e-01    1.161    1.109    1.078
 7570 1.151e-01 2.051e-01 4.016e-01    1.159    1.107    1.077
 7575 1.149e-01 2.049e-01 4.013e-01    1.157    1.106    1.076
 7580 1.147e-01 2.046e-01 4.009e-01    1.156    1.105    1.075
 7585 1.145e-01 2.044e-01 4.006e-01    1.154    1.104    1.075
 7590 1.143e-01 2.042e-01 4.002e-01    1.152    1.102    1.074
 7595 1.141e-01 2.039e-01 3.999e-01    1.150    1.101    1.073
 7600 1.139e-01 2.037e-01 3.996e-01    1.148    1.100    1.072
 7605 1.137e-01 2.035e-01 3.992e-01    1.146    1.098    1.071
 7610 1.135e-01 2.032e-01 3.989e-01    1.144    1.097    1.070
 7615 1.134e-01 2.030e-01 3.985e-01    1.142    1.096    1.069
 7620 1.132e-01 2.027e-01 3.982e-01    1.140    1.095    1.068
 7625 1.130e-01 2.025e-01 3.979e-01    1.138    1.093    1.067
 7630 1.128e-01 2.023e-01 3.975e-01    1.136    1.092    1.066
 7635 1.126e-01 2.020e-01 3.972e-01    1.134    1.091    1.065
 7640 1.124e-01 2.018e-01 3.968e-01    1.133    1.089    1.064
 7645 1.122e-01 2.016e-01 3.965e-01    1.131    1.088    1.064
 7650 1.120e-01 2.013e-01 3.962e-01    1.129    1.087    1.063
 7655 1.118e-01 2.011e-01 3.958e-01    1.127    1.086    1.062
 7660 1.116e-01 2.009e-01 3.955e-01    1.125    1.084    1.061
 7665 1.115e-01 2.006e-01 3.951e-01    1.123    1.083    1.060
 7670 1.113e-01 2.004e-01 3.948e-01    1.121    1.082    1.059
 7675 1.111e-01 2.001e-01 3.945e-01    1.119    1.081    1.058
 7680 1.109e-01 1.999e-01 3.941e-01    1.117    1.079    1.057
 7685 1.107e-01 1.997e-01 3.938e-01    1.115    1.078    1.056
 7690 1.105e-01 1.994e-01 3.935e-01    1.114    1.077    1.055
 7695 1.103e-01 1.992e-01 3.931e-01    1.112    1.076    1.055
 7700 1.101e-01 1.990e-01 3.928e-01    1.110    1.074    1.054
 7705 1.100e-01 1.987e-01 3.924e-01    1.108    1.073    1.053
 7710 1.098e-01 1.985e-01 3.921e-01    1.106    1.072    1.052
 7715 1.096e-01 1.983e-01 3.918e-01    1.104    1.070    1.051
 7720 1.094e-01 1.980e-01 3.914e-01    1.102    1.069    1.050
 7725 1.092e-01 1.978e-01 3.911e-01    1.100    1.068    1.049
 7730 1.090e-01 1.976e-01 3.908e-01    1.098    1.067    1.048
 7735 1.088e-01 1.973e-01 3.904e-01    1.097    1.065    1.047
 7740 1.086e-01 1.971e-01 3.901e-01    1.095    1.064    1.046
 7745 1.085e-01 1.969e-01 3.898e-01    1.093    1.063    1.045
 7750 1.083e-01 1.966e-01 3.894e-01    1.091    1.062    1.045
 7755 1.081e-01 1.964e-01 3.891e-01    1.089    1.060    1.044
 7760 1.079e-01 1.962e-01 3.887e-01    1.087    1.059    1.043
 7765 1.077e-01 1.959e-01 3.884e-01    1.085    1.058    1.042
 7770 1.075e-01 1.957e-01 3.881e-01    1.083    1.057    1.041
 7775 1.073e-01 1.955e-01 3.877e-01    1.082    1.055    1.040
 7780 1.072e-01 1.952e-01 3.874e-01    1.080    1.054    1.039
 7785 1.070e-01 1.950e-01 3.871e-01    1.078    1.053    1.038
 7790 1.068e-01 1.948e-01 3.867e-01    1.076    1.052    1.037
 7795 1.066e-01 1.945e-01 3.864e-01    1.074    1.050    1.036
 7800 1.064e-01 1.943e-01 3.861e-01    1.072    1.049    1.036
 7805 1.062e-01 1.941e-01 3.857e-01    1.070    1.048    1.035
 7810 1.061e-01 1.938e-01 3.854e-01    1.069    1.047    1.034
 7815 1.059e-01 1.936e-01 3.851e-01    1.067    1.045    1.033
 7820 1.057e-01 1.934e-01 3.847e-01    1.065    1.044    1.032
 7825 1.055e-01 1.932e-01 3.844e-01    1.063    1.043    1.031
 7830 1.053e-01 1.929e-01 3.841e-01    1.061    1.042    1.030
 7835 1.051e-01 1.927e-01 3.837e-01    1.059    1.040    1.029
 7840 1.050e-01 1.925e-01 3.834e-01    1.058    1.039    1.028
 7845 1.048e-01 1.922e-01 3.831e-01    1.056    1.038    1.028
 7850 1.046e-01 1.920e-01 3.827e-01    1.054    1.037    1.027
 7855 1.044e-01 1.918e-01 3.824e-01    1.052    1.035    1.026
 7860 1.042e-01 1.915e-01 3.821e-01    1.050    1.034    1.025
 7865 1.040e-01 1.913e-01 3.817e-01    1.048    1.033    1.024
 7870 1.039e-01 1.911e-01 3.814e-01    1.047    1.032    1.023
 7875 1.037e-01 1.909e-01 3.811e-01    1.045    1.030    1.022
 7880 1.035e-01 1.906e-01 3.807e-01    1.043    1.029    1.021
 7885 1.033e-01 1.904e-01 3.804e-01    1.041    1.028    1.020
 7890 1.031e-01 1.902e-01 3.801e-01    1.039    1.027    1.019
 7895 1.030e-01 1.899e-01 3.797e-01    1.037    1.026    1.019
 7900 1.028e-01 1.897e-01 3.794e-01    1.036    1.024    1.018
 7905 1.026e-01 1.895e-01 3.791e-01    1.034    1.023    1.017
 7910 1.024e-01 1.893e-01 3.787e-01    1.032    1.022    1.016
 7915 1.022e-01 1.890e-01 3.784e-01    1.030    1.021    1.015
 7920 1.021e-01 1.888e-01 3.781e-01    1.028    1.019    1.014
 7925 1.019e-01 1.886e-01 3.777e-01    1.027    1.018    1.013
 7930 1.017e-01 1.884e-01 3.774e-01    1.025    1.017    1.012
 7935 1.015e-01 1.881e-01 3.771e-01    1.023    1.016    1.011
 7940 1.014e-01 1.879e-01 3.767e-01    1.021    1.015    1.011
 7945 1.012e-01 1.877e-01 3.764e-01    1.019    1.013    1.010
 7950 1.010e-01 1.875e-01 3.761e-01    1.018    1.012    1.009
 7955 1.008e-01 1.872e-01 3.758e-01    1.016    1.011    1.008
 7960 1.007e-01 1.870e-01 3.754e-01    1.014    1.010    1.007
 7965 1.005e-01 1.868e-01 3.751e-01    1.012    1.008    1.006
 7970 1.003e-01 1.866e-01 3.748e-01    1.011    1.007    1.005
 7975 1.001e-01 1.863e-01 3.744e-01    1.009    1.006    1.004
 7980 9.995e-02 1.861e-01 3.741e-01    1.007    1.005    1.004
 7985 9.977e-02 1.859e-01 3.738e-01    1.005    1.004    1.003
 7990 9.960e-02 1.857e-01 3.735e-01    1.004    1.002    1.002
 7995 9.942e-02 1.854e-01 3.731e-01    1.002    1.001    1.001
 8000 9.925e-02 1.852e-01 3.728e-01    1.000    1.000    1.000
 8005 9.908e-02 1.850e-01 3.725e-01    0.998    0.999    0.999
 8010 9.890e-02 1.848e-01 3.721e-01    0.996    0.998    0.998
 8015 9.873e-02 1.846e-01 3.718e-01    0.995    0.996    0.997
 8020 9.856e-02 1.843e-01 3.715e-01    0.993    0.995    0.996
 8025 9.838e-02 1.841e-01 3.712e-01    0.991    0.994    0.996
 8030 9.821e-02 1.839e-01 3.708e-01    0.990    0.993    0.995
 8035 9.804e-02 1.837e-01 3.705e-01    0.988    0.992    0.994
 8040 9.787e-02 1.834e-01 3.702e-01    0.986    0.990    0.993
 8045 9.769e-02 1.832e-01 3.699e-01    0.984    0.989    0.992
 8050 9.752e-02 1.830e-01 3.695e-01    0.983    0.988    0.991
 8055 9.735e-02 1.828e-01 3.692e-01    0.981    0.987    0.990
 8060 9.718e-02 1.826e-01 3.689e-01    0.979    0.986    0.989
 8065 9.701e-02 1.824e-01 3.685e-01    0.977    0.985    0.989
 8070 9.684e-02 1.821e-01 3.682e-01    0.976    0.983    0.988
 8075 9.667e-02 1.819e-01 3.679e-01    0.974    0.982    0.987
 8080 9.650e-02 1.817e-01 3.676e-01    0.972    0.981    0.986
 8085 9.634e-02 1.815e-01 3.672e-01    0.971    0.980    0.985
 8090 9.617e-02 1.813e-01 3.669e-01    0.969    0.979    0.984
 8095 9.600e-02 1.810e-01 3.666e-01    0.967    0.977    0.983
 8100 9.583e-02 1.808e-01 3.663e-01    0.966    0.976    0.982
 8105 9.566e-02 1.806e-01 3.659e-01    0.964    0.975    0.982
 8110 9.550e-02 1.804e-01 3.656e-01    0.962    0.974    0.981
 8115 9.533e-02 1.802e-01 3.653e-01    0.961    0.973    0.980
 8120 9.516e-02 1.800e-01 3.650e-01    0.959    0.972    0.979
 8125 9.500e-02 1.797e-01 3.646e-01    0.957    0.970    0.978
 8130 9.483e-02 1.795e-01 3.643e-01    0.955    0.969    0.977
 8135 9.467e-02 1.793e-01 3.640e-01    0.954    0.968    0.976
 8140 9.450e-02 1.791e-01 3.637e-01    0.952    0.967    0.976
 8145 9.434e-02 1.789e-01 3.634e-01    0.951    0.966    0.975
 8150 9.417e-02 1.787e-01 3.630e-01    0.949    0.965    0.974
 8155 9.401e-02 1.785e-01 3.627e-01    0.947    0.963    0.973
 8160 9.385e-02 1.782e-01 3.624e-01    0.946    0.962    0.972
 8165 9.368e-02 1.780e-01 3.621e-01    0.944    0.961    0.971
 8170 9.352e-02 1.778e-01 3.617e-01    0.942    0.960    0.970
 8175 9.336e-02 1.776e-01 3.614e-01    0.941    0.959    0.969
 8180 9.320e-02 1.774e-01 3.611e-01    0.939    0.958    0.969
 8185 9.303e-02 1.772e-01 3.608e-01    0.937    0.957    0.968
 8190 9.287e-02 1.770e-01 3.605e-01    0.936    0.955    0.967
 8195 9.271e-02 1.768e-01 3.601e-01    0.934    0.954    0.966
 8200 9.255e-02 1.765e-01 3.598e-01    0.933    0.953    0.965
 8205 9.239e-02 1.763e-01 3.595e-01    0.931    0.952    0.964
 8210 9.223e-02 1.761e-01 3.592e-01    0.929    0.951    0.963
 8215 9.207e-02 1.759e-01 3.589e-01    0.928    0.950    0.963
 8220 9.191e-02 1.757e-01 3.585e-01    0.926    0.949    0.962
 8225 9.176e-02 1.755e-01 3.582e-01    0.925    0.948    0.961
 8230 9.160e-02 1.753e-01 3.579e-01    0.923    0.946    0.960
 8235 9.144e-02 1.751e-01 3.576e-01    0.921    0.945    0.959
 8240 9.128e-02 1.749e-01 3.573e-01    0.920    0.944    0.958
 8245 9.113e-02 1.747e-01 3.569e-01    0.918    0.943    0.957
 8250 9.097e-02 1.745e-01 3.566e-01    0.917    0.942    0.957
 8255 9.082e-02 1.743e-01 3.563e-01    0.915    0.941    0.956
 8260 9.066e-02 1.740e-01 3.560e-01    0.913    0.940    0.955
 8265 9.050e-02 1.738e-01 3.557e-01    0.912    0.939    0.954
 8270 9.035e-02 1.736e-01 3.553e-01    0.910    0.937    0.953
 8275 9.020e-02 1.734e-01 3.550e-01    0.909    0.936    0.952
 8280 9.004e-02 1.732e-01 3.547e-01    0.907    0.935    0.951
 8285 8.989e-02 1.730e-01 3.544e-01    0.906    0.934    0.951
 8290 8.974e-02 1.728e-01 3.541e-01    0.904    0.933    0.950
 8295 8.958e-02 1.726e-01 3.538e-01    0.903    0.932    0.949
 8300 8.943e-02 1.724e-01 3.534e-01    0.901    0.931    0.948
 8305 8.928e-02 1.722e-01 3.531e-01    0.900    0.930    0.947
 8310 8.913e-02 1.720e-01 3.528e-01    0.898    0.929    0.946
 8315 8.898e-02 1.718e-01 3.525e-01    0.897    0.928    0.946
 8320 8.883e-02 1.716e-01 3.522e-01    0.895    0.926    0.945
 8325 8.868e-02 1.714e-01 3.519e-01    0.894    0.925    0.944
 8330 8.853e-02 1.712e-01 3.516e-01    0.892    0.924    0.943
 8335 8.838e-02 1.710e-01 3.512e-01    0.891    0.923    0.942
 8340 8.823e-02 1.708e-01 3.509e-01    0.889    0.922    0.941
 8345 8.809e-02 1.706e-01 3.506e-01    0.888    0.921    0.940
 8350 8.794e-02 1.704e-01 3.503e-01    0.886    0.920    0.940
 8355 8.779e-02 1.702e-01 3.500e-01    0.885    0.919    0.939
 8360 8.764e-02 1.700e-01 3.497e-01    0.883    0.918    0.938
 8365 8.750e-02 1.698e-01 3.494e-01    0.882    0.917    0.937
 8370 8.735e-02 1.696e-01 3.490e-01    0.880    0.916    0.936
 8375 8.721e-02 1.694e-01 3.487e-01    0.879    0.915    0.935
 8380 8.706e-02 1.692e-01 3.484e-01    0.877    0.914    0.935
 8385 8.692e-02 1.690e-01 3.481e-01    0.876    0.912    0.934
 8390 8.678e-02 1.688e-01 3.478e-01    0.874    0.911    0.933
 8395 8.663e-02 1.686e-01 3.475e-01    0.873    0.910    0.932
 8400 8.649e-02 1.684e-01 3.472e-01    0.871    0.909    0.931
 8405 8.635e-02 1.682e-01 3.469e-01    0.870    0.908    0.930
 8410 8.621e-02 1.680e-01 3.465e-01    0.869    0.907    0.930
 8415 8.607e-02 1.678e-01 3.462e-01    0.867    0.906    0.929
 8420 8.593e-02 1.676e-01 3.459e-01    0.866    0.905    0.928
 8425 8.579e-02 1.674e-01 3.456e-01    0.864    0.904    0.927
 8430 8.565e-02 1.673e-01 3.453e-01    0.863    0.903    0.926
 8435 8.551e-02 1.671e-01 3.450e-01    0.862    0.902    0.925
 8440 8.537e-02 1.669e-01 3.447e-01    0.860    0.901    0.925
 8445 8.523e-02 1.667e-01 3.444e-01    0.859    0.900    0.924
 8450 8.509e-02 1.665e-01 3.441e-01    0.857    0.899    0.923
 8455 8.496e-02 1.663e-01 3.438e-01    0.856    0.898    0.922
 8460 8.482e-02 1.661e-01 3.434e-01    0.855    0.897    0.921
 8465 8.468e-02 1.659e-01 3.431e-01    0.853    0.896    0.920
 8470 8.455e-02 1.657e-01 3.428e-01    0.852    0.895    0.920
 8475 8.441e-02 1.655e-01 3.425e-01    0.851    0.894    0.919
 8480 8.428e-02 1.653e-01 3.422e-01    0.849    0.893    0.918
 8485 8.414e-02 1.652e-01 3.419e-01    0.848    0.892    0.917
 8490 8.401e-02 1.650e-01 3.416e-01    0.846    0.891    0.916
 8495 8.388e-02 1.648e-01 3.413e-01    0.845    0.890    0.915
 8500 8.375e-02 1.646e-01 3.410e-01    0.844    0.889    0.915
 8505 8.361e-02 1.644e-01 3.407e-01    0.842    0.888    0.914
 8510 8.348e-02 1.642e-01 3.404e-01    0.841    0.887    0.913
 8515 8.335e-02 1.640e-01 3.401e-01    0.840    0.886    0.912
 8520 8.322e-02 1.638e-01 3.398e-01    0.839    0.885    0.911
 8525 8.309e-02 1.637e-01 3.394e-01    0.837    0.884    0.911
 8530 8.296e-02 1.635e-01 3.391e-01    0.836    0.883    0.910
 8535 8.284e-02 1.633e-01 3.388e-01    0.835    0.882    0.909
 8540 8.271e-02 1.631e-01 3.385e-01    0.833    0.881    0.908
 8545 8.258e-02 1.629e-01 3.382e-01    0.832    0.880    0.907
 8550 8.245e-02 1.627e-01 3.379e-01    0.831    0.879    0.906
 8555 8.233e-02 1.626e-01 3.376e-01    0.830    0.878    0.906
 8560 8.220e-02 1.624e-01 3.373e-01    0.828    0.877    0.905
 8565 8.208e-02 1.622e-01 3.370e-01    0.827    0.876    0.904
 8570 8.195e-02 1.620e-01 3.367e-01    0.826    0.875    0.903
 8575 8.183e-02 1.618e-01 3.364e-01    0.824    0.874    0.902
 8580 8.171e-02 1.617e-01 3.361e-01    0.823    0.873    0.902
 8585 8.158e-02 1.615e-01 3.358e-01    0.822    0.872    0.901
 8590 8.146e-02 1.613e-01 3.355e-01    0.821    0.871    0.900
 8595 8.134e-02 1.611e-01 3.352e-01    0.820    0.870    0.899
 8600 8.122e-02 1.609e-01 3.349e-01    0.818    0.869    0.898
 8605 8.110e-02 1.608e-01 3.346e-01    0.817    0.868    0.898
 8610 8.098e-02 1.606e-01 3.343e-01    0.816    0.867    0.897
 8615 8.086e-02 1.604e-01 3.340e-01    0.815    0.866    0.896
 8620 8.074e-02 1.602e-01 3.337e-01    0.814    0.865    0.895
 8625 8.062e-02 1.601e-01 3.334e-01    0.812    0.864    0.894
 8630 8.050e-02 1.599e-01 3.331e-01    0.811    0.863    0.893
 8635 8.039e-02 1.597e-01 3.328e-01    0.810    0.862    0.893
 8640 8.027e-02 1.595e-01 3.325e-01    0.809    0.861    0.892
 8645 8.016e-02 1.594e-01 3.322e-01    0.808    0.860    0.891
 8650 8.004e-02 1.592e-01 3.319e-01    0.806    0.859    0.890
 8655 7.993e-02 1.590e-01 3.316e-01    0.805    0.859    0.889
 8660 7.981e-02 1.588e-01 3.313e-01    0.804    0.858    0.889
 8665 7.970e-02 1.587e-01 3.310e-01    0.803    0.857    0.888
 8670 7.959e-02 1.585e-01 3.307e-01    0.802    0.856    0.887
 8675 7.947e-02 1.583e-01 3.304e-01    0.801    0.855    0.886
 8680 7.936e-02 1.582e-01 3.301e-01    0.800    0.854    0.885
 8685 7.925e-02 1.580e-01 3.298e-01    0.799    0.853    0.885
 8690 7.914e-02 1.578e-01 3.295e-01    0.797    0.852    0.884
 8695 7.903e-02 1.577e-01 3.292e-01    0.796    0.851    0.883
 8700 7.892e-02 1.575e-01 3.289e-01    0.795    0.850    0.882
 8705 7.882e-02 1.573e-01 3.286e-01    0.794    0.849    0.881
 8710 7.871e-02 1.572e-01 3.283e-01    0.793    0.848    0.881
 8715 7.860e-02 1.570e-01 3.280e-01    0.792    0.848    0.880
 8720 7.849e-02 1.568e-01 3.277e-01    0.791    0.847    0.879
 8725 7.839e-02 1.567e-01 3.274e-01    0.790    0.846    0.878
 8730 7.828e-02 1.565e-01 3.271e-01    0.789    0.845    0.878
 8735 7.818e-02 1.563e-01 3.268e-01    0.788    0.844    0.877
 8740 7.808e-02 1.562e-01 3.265e-01    0.787    0.843    0.876
 8745 7.797e-02 1.560e-01 3.263e-01    0.786    0.842    0.875
 8750 7.787e-02 1.558e-01 3.260e-01    0.785    0.841    0.874
 8755 7.777e-02 1.557e-01 3.257e-01    0.784    0.841    0.874
 8760 7.767e-02 1.555e-01 3.254e-01    0.783    0.840    0.873
 8765 7.757e-02 1.554e-01 3.251e-01    0.782    0.839    0.872
 8770 7.747e-02 1.552e-01 3.248e-01    0.781    0.838    0.871
 8775 7.737e-02 1.550e-01 3.245e-01    0.780    0.837    0.870
 8780 7.727e-02 1.549e-01 3.242e-01    0.779    0.836    0.870
 8785 7.717e-02 1.547e-01 3.239e-01    0.778    0.835    0.869
 8790 7.707e-02 1.546e-01 3.236e-01    0.777    0.834    0.868
 8795 7.698e-02 1.544e-01 3.233e-01    0.776    0.834    0.867
 8800 7.688e-02 1.542e-01 3.230e-01    0.775    0.833    0.867
 8805 7.679e-02 1.541e-01 3.228e-01    0.774    0.832    0.866
 8810 7.669e-02 1.539e-01 3.225e-01    0.773    0.831    0.865
 8815 7.660e-02 1.538e-01 3.222e-01    0.772    0.830    0.864
 8820 7.651e-02 1.536e-01 3.219e-01    0.771    0.829    0.863
 8825 7.641e-02 1.535e-01 3.216e-01    0.770    0.829    0.863
 8830 7.632e-02 1.533e-01 3.213e-01    0.769    0.828    0.862
 8835 7.623e-02 1.532e-01 3.210e-01    0.768    0.827    0.861
 8840 7.614e-02 1.530e-01 3.207e-01    0.767    0.826    0.860
 8845 7.605e-02 1.529e-01 3.204e-01    0.766    0.825    0.860
 8850 7.596e-02 1.527e-01 3.201e-01    0.765    0.824    0.859
 8855 7.587e-02 1.526e-01 3.199e-01    0.764    0.824    0.858
 8860 7.578e-02 1.524e-01 3.196e-01    0.764    0.823    0.857
 8865 7.570e-02 1.523e-01 3.193e-01    0.763    0.822    0.856
 8870 7.561e-02 1.521e-01 3.190e-01    0.762    0.821    0.856
 8875 7.553e-02 1.520e-01 3.187e-01    0.761    0.820    0.855
 8880 7.544e-02 1.518e-01 3.184e-01    0.760    0.820    0.854
 8885 7.536e-02 1.517e-01 3.181e-01    0.759    0.819    0.853
 8890 7.527e-02 1.515e-01 3.179e-01    0.758    0.818    0.853
 8895 7.519e-02 1.514e-01 3.176e-01    0.758    0.817    0.852
 8900 7.511e-02 1.512e-01 3.173e-01    0.757    0.816    0.851
 8905 7.503e-02 1.511e-01 3.170e-01    0.756    0.816    0.850
 8910 7.495e-02 1.509e-01 3.167e-01    0.755    0.815    0.850
 8915 7.487e-02 1.508e-01 3.164e-01    0.754    0.814    0.849
 8920 7.479e-02 1.506e-01 3.161e-01    0.754    0.813    0.848
 8925 7.471e-02 1.505e-01 3.159e-01    0.753    0.813    0.847
 8930 7.463e-02 1.504e-01 3.156e-01    0.752    0.812    0.847
 8935 7.455e-02 1.502e-01 3.153e-01    0.751    0.811    0.846
 8940 7.448e-02 1.501e-01 3.150e-01    0.750    0.810    0.845
 8945 7.440e-02 1.499e-01 3.147e-01    0.750    0.809    0.844
 8950 7.433e-02 1.498e-01 3.145e-01    0.749    0.809    0.843
 8955 7.425e-02 1.497e-01 3.142e-01    0.748    0.808    0.843
 8960 7.418e-02 1.495e-01 3.139e-01    0.747    0.807    0.842
 8965 7.411e-02 1.494e-01 3.136e-01    0.747    0.806    0.841
 8970 7.404e-02 1.492e-01 3.133e-01    0.746    0.806    0.840
 8975 7.396e-02 1.491e-01 3.130e-01    0.745    0.805    0.840
 8980 7.389e-02 1.490e-01 3.128e-01    0.745    0.804    0.839
 8985 7.382e-02 1.488e-01 3.125e-01    0.744    0.804    0.838
 8990 7.376e-02 1.487e-01 3.122e-01    0.743    0.803    0.837
 8995 7.369e-02 1.486e-01 3.119e-01    0.742    0.802    0.837
 9000 7.362e-02 1.484e-01 3.117e-01    0.742    0.801    0.836
 9005 7.355e-02 1.483e-01 3.114e-01    0.741    0.801    0.835
 9010 7.349e-02 1.482e-01 3.111e-01    0.740    0.800    0.834
 9015 7.342e-02 1.480e-01 3.108e-01    0.740    0.799    0.834
 9020 7.336e-02 1.479e-01 3.105e-01    0.739    0.799    0.833
 9025 7.329e-02 1.478e-01 3.103e-01    0.738    0.798    0.832
 9030 7.323e-02 1.476e-01 3.100e-01    0.738    0.797    0.832
 9035 7.317e-02 1.475e-01 3.097e-01    0.737    0.796    0.831
 9040 7.311e-02 1.474e-01 3.094e-01    0.737    0.796    0.830
 9045 7.305e-02 1.473e-01 3.092e-01    0.736    0.795    0.829
 9050 7.299e-02 1.471e-01 3.089e-01    0.735    0.794    0.829
 9055 7.293e-02 1.470e-01 3.086e-01    0.735    0.794    0.828
 9060 7.287e-02 1.469e-01 3.083e-01    0.734    0.793    0.827
 9065 7.281e-02 1.467e-01 3.081e-01    0.734    0.792    0.826
 9070 7.276e-02 1.466e-01 3.078e-01    0.733    0.792    0.826
 9075 7.270e-02 1.465e-01 3.075e-01    0.733    0.791    0.825
 9080 7.264e-02 1.464e-01 3.072e-01    0.732    0.790    0.824
 9085 7.259e-02 1.462e-01 3.070e-01    0.731    0.790    0.823
 9090 7.254e-02 1.461e-01 3.067e-01    0.731    0.789    0.823
 9095 7.235e-02 1.459e-01 3.064e-01    0.729    0.788    0.822
 9100 7.228e-02 1.458e-01 3.061e-01    0.728    0.787    0.821
 9105 7.222e-02 1.456e-01 3.059e-01    0.728    0.786    0.820
 9110 7.216e-02 1.455e-01 3.056e-01    0.727    0.786    0.820
 9115 7.209e-02 1.454e-01 3.053e-01    0.726    0.785    0.819
 9120 7.203e-02 1.453e-01 3.050e-01    0.726    0.784    0.818
 9125 7.196e-02 1.451e-01 3.048e-01    0.725    0.784    0.818
 9130 7.190e-02 1.450e-01 3.045e-01    0.724    0.783    0.817
 9135 7.184e-02 1.449e-01 3.042e-01    0.724    0.782    0.816
 9140 7.177e-02 1.448e-01 3.040e-01    0.723    0.781    0.815
 9145 7.171e-02 1.446e-01 3.037e-01    0.723    0.781    0.815
 9150 7.165e-02 1.445e-01 3.034e-01    0.722    0.780    0.814
 9155 7.158e-02 1.444e-01 3.032e-01    0.721    0.779    0.813
 9160 7.152e-02 1.442e-01 3.029e-01    0.721    0.779    0.813
 9165 7.146e-02 1.441e-01 3.026e-01    0.720    0.778    0.812
 9170 7.140e-02 1.440e-01 3.024e-01    0.719    0.777    0.811
 9175 7.133e-02 1.439e-01 3.021e-01    0.719    0.777    0.810
 9180 7.127e-02 1.437e-01 3.018e-01    0.718    0.776    0.810
 9185 7.121e-02 1.436e-01 3.016e-01    0.717    0.775    0.809
 9190 7.115e-02 1.435e-01 3.013e-01    0.717    0.775    0.808
 9195 7.108e-02 1.434e-01 3.010e-01    0.716    0.774    0.808
 9200 7.102e-02 1.432e-01 3.008e-01    0.716    0.773    0.807
 9205 7.096e-02 1.431e-01 3.005e-01    0.715    0.773    0.806
 9210 7.090e-02 1.430e-01 3.003e-01    0.714    0.772    0.805
 9215 7.084e-02 1.429e-01 3.000e-01    0.714    0.771    0.805
 9220 7.077e-02 1.427e-01 2.997e-01    0.713    0.771    0.804
 9225 7.071e-02 1.426e-01 2.995e-01    0.712    0.770    0.803
 9230 7.065e-02 1.425e-01 2.992e-01    0.712    0.769    0.803
 9235 7.059e-02 1.424e-01 2.990e-01    0.711    0.769    0.802
 9240 7.053e-02 1.422e-01 2.987e-01    0.711    0.768    0.801
 9245 7.047e-02 1.421e-01 2.984e-01    0.710    0.767    0.801
 9250 7.040e-02 1.420e-01 2.982e-01    0.709    0.767    0.800
 9255 7.034e-02 1.419e-01 2.979e-01    0.709    0.766    0.799
 9260 7.028e-02 1.417e-01 2.977e-01    0.708    0.765    0.798
 9265 7.022e-02 1.416e-01 2.974e-01    0.708    0.765    0.798
 9270 7.016e-02 1.415e-01 2.971e-01    0.707    0.764    0.797
 9275 7.010e-02 1.414e-01 2.969e-01    0.706    0.763    0.796
 9280 7.004e-02 1.413e-01 2.966e-01    0.706    0.763    0.796
 9285 6.998e-02 1.411e-01 2.964e-01    0.705    0.762    0.795
 9290 6.992e-02 1.410e-01 2.961e-01    0.704    0.761    0.794
 9295 6.986e-02 1.409e-01 2.959e-01    0.704    0.761    0.794
 9300 6.980e-02 1.408e-01 2.956e-01    0.703    0.760    0.793
 9305 6.974e-02 1.406e-01 2.953e-01    0.703    0.759    0.792
 9310 6.968e-02 1.405e-01 2.951e-01    0.702    0.759    0.792
 9315 6.962e-02 1.404e-01 2.948e-01    0.701    0.758    0.791
 9320 6.956e-02 1.403e-01 2.946e-01    0.701    0.757    0.790
 9325 6.950e-02 1.402e-01 2.943e-01    0.700    0.757    0.789
 9330 6.944e-02 1.400e-01 2.941e-01    0.700    0.756    0.789
 9335 6.938e-02 1.399e-01 2.938e-01    0.699    0.755    0.788
 9340 6.932e-02 1.398e-01 2.936e-01    0.698    0.755    0.787
 9345 6.926e-02 1.397e-01 2.933e-01    0.698    0.754    0.787
 9350 6.920e-02 1.396e-01 2.931e-01    0.697    0.753    0.786
 9355 6.914e-02 1.394e-01 2.928e-01    0.697    0.753    0.785
 9360 6.908e-02 1.393e-01 2.926e-01    0.696    0.752    0.785
 9365 6.902e-02 1.392e-01 2.923e-01    0.695    0.751    0.784
 9370 6.896e-02 1.391e-01 2.920e-01    0.695    0.751    0.783
 9375 6.890e-02 1.390e-01 2.918e-01    0.694    0.750    0.783
 9380 6.884e-02 1.388e-01 2.915e-01    0.694    0.750    0.782
 9385 6.878e-02 1.387e-01 2.913e-01    0.693    0.749    0.781
 9390 6.872e-02 1.386e-01 2.910e-01    0.692    0.748    0.781
 9395 6.866e-02 1.385e-01 2.908e-01    0.692    0.748    0.780
 9400 6.860e-02 1.384e-01 2.905e-01    0.691    0.747    0.779
 9405 6.855e-02 1.382e-01 2.903e-01    0.691    0.746    0.779
 9410 6.849e-02 1.381e-01 2.901e-01    0.690    0.746    0.778
 9415 6.843e-02 1.380e-01 2.898e-01    0.689    0.745    0.777
 9420 6.837e-02 1.379e-01 2.896e-01    0.689    0.744    0.777
 9425 6.831e-02 1.378e-01 2.893e-01    0.688    0.744    0.776
 9430 6.825e-02 1.377e-01 2.891e-01    0.688    0.743    0.775
 9435 6.820e-02 1.375e-01 2.888e-01    0.687    0.743    0.775
 9440 6.814e-02 1.374e-01 2.886e-01    0.687    0.742    0.774
 9445 6.808e-02 1.373e-01 2.883e-01    0.686    0.741    0.773
 9450 6.802e-02 1.372e-01 2.881e-01    0.685    0.741    0.773
 9455 6.796e-02 1.371e-01 2.878e-01    0.685    0.740    0.772
 9460 6.791e-02 1.369e-01 2.876e-01    0.684    0.739    0.771
 9465 6.785e-02 1.368e-01 2.873e-01    0.684    0.739    0.771
 9470 6.779e-02 1.367e-01 2.871e-01    0.683    0.738    0.770
 9475 6.773e-02 1.366e-01 2.869e-01    0.682    0.737    0.769
 9480 6.768e-02 1.365e-01 2.866e-01    0.682    0.737    0.769
 9485 6.762e-02 1.364e-01 2.864e-01    0.681    0.736    0.768
 9490 6.756e-02 1.363e-01 2.861e-01    0.681    0.736    0.768
 9495 6.750e-02 1.361e-01 2.859e-01    0.680    0.735    0.767
 9500 6.745e-02 1.360e-01 2.856e-01    0.680    0.734    0.766
 9505 6.739e-02 1.359e-01 2.854e-01    0.679    0.734    0.766
 9510 6.733e-02 1.358e-01 2.852e-01    0.678    0.733    0.765
 9515 6.727e-02 1.357e-01 2.849e-01    0.678    0.733    0.764
 9520 6.722e-02 1.356e-01 2.847e-01    0.677    0.732    0.764
 9525 6.716e-02 1.354e-01 2.844e-01    0.677    0.731    0.763
 9530 6.710e-02 1.353e-01 2.842e-01    0.676    0.731    0.762
 9535 6.705e-02 1.352e-01 2.840e-01    0.676    0.730    0.762
 9540 6.699e-02 1.351e-01 2.837e-01    0.675    0.729    0.761
 9545 6.693e-02 1.350e-01 2.835e-01    0.674    0.729    0.760
 9550 6.688e-02 1.349e-01 2.832e-01    0.674    0.728    0.760
 9555 6.682e-02 1.348e-01 2.830e-01    0.673    0.728    0.759
 9560 6.677e-02 1.346e-01 2.828e-01    0.673    0.727    0.758
 9565 6.671e-02 1.345e-01 2.825e-01    0.672    0.726    0.758
 9570 6.665e-02 1.344e-01 2.823e-01    0.672    0.726    0.757
 9575 6.660e-02 1.343e-01 2.820e-01    0.671    0.725    0.757
 9580 6.654e-02 1.342e-01 2.818e-01    0.670    0.725    0.756
 9585 6.649e-02 1.341e-01 2.816e-01    0.670    0.724    0.755
 9590 6.643e-02 1.340e-01 2.813e-01    0.669    0.723    0.755
 9595 6.637e-02 1.339e-01 2.811e-01    0.669    0.723    0.754
 9600 6.632e-02 1.337e-01 2.809e-01    0.668    0.722    0.753
 9605 6.626e-02 1.336e-01 2.806e-01    0.668    0.721    0.753
 9610 6.621e-02 1.335e-01 2.804e-01    0.667    0.721    0.752
 9615 6.615e-02 1.334e-01 2.802e-01    0.667    0.720    0.752
 9620 6.610e-02 1.333e-01 2.799e-01    0.666    0.720    0.751
 9625 6.604e-02 1.332e-01 2.797e-01    0.665    0.719    0.750
 9630 6.599e-02 1.331e-01 2.795e-01    0.665    0.718    0.750
 9635 6.593e-02 1.330e-01 2.792e-01    0.664    0.718    0.749
 9640 6.588e-02 1.329e-01 2.790e-01    0.664    0.717    0.748
 9645 6.582e-02 1.327e-01 2.788e-01    0.663    0.717    0.748
 9650 6.577e-02 1.326e-01 2.785e-01    0.663    0.716    0.747
 9655 6.571e-02 1.325e-01 2.783e-01    0.662    0.715    0.747
 9660 6.566e-02 1.324e-01 2.781e-01    0.662    0.715    0.746
 9665 6.560e-02 1.323e-01 2.778e-01    0.661    0.714    0.745
 9670 6.555e-02 1.322e-01 2.776e-01    0.660    0.714    0.745
 9675 6.549e-02 1.321e-01 2.774e-01    0.660    0.713    0.744
 9680 6.544e-02 1.320e-01 2.771e-01    0.659    0.713    0.743
 9685 6.538e-02 1.319e-01 2.769e-01    0.659    0.712    0.743
 9690 6.533e-02 1.318e-01 2.767e-01    0.658    0.711    0.742
 9695 6.528e-02 1.316e-01 2.764e-01    0.658    0.711    0.742
 9700 6.522e-02 1.315e-01 2.762e-01    0.657    0.710    0.741
 9705 6.517e-02 1.314e-01 2.760e-01    0.657    0.710    0.740
 9710 6.511e-02 1.313e-01 2.758e-01    0.656    0.709    0.740
 9715 6.506e-02 1.312e-01 2.755e-01    0.656    0.708    0.739
 9720 6.501e-02 1.311e-01 2.753e-01    0.655    0.708    0.738
 9725 6.495e-02 1.310e-01 2.751e-01    0.654    0.707    0.738
 9730 6.490e-02 1.309e-01 2.748e-01    0.654    0.707    0.737
 9735 6.484e-02 1.308e-01 2.746e-01    0.653    0.706    0.737
 9740 6.479e-02 1.307e-01 2.744e-01    0.653    0.705    0.736
 9745 6.474e-02 1.306e-01 2.742e-01    0.652    0.705    0.735
 9750 6.468e-02 1.305e-01 2.739e-01    0.652    0.704    0.735
 9755 6.463e-02 1.303e-01 2.737e-01    0.651    0.704    0.734
 9760 6.458e-02 1.302e-01 2.735e-01    0.651    0.703    0.734
 9765 6.452e-02 1.301e-01 2.733e-01    0.650    0.703    0.733
 9770 6.447e-02 1.300e-01 2.730e-01    0.650    0.702    0.732
 9775 6.442e-02 1.299e-01 2.728e-01    0.649    0.701    0.732
 9780 6.436e-02 1.298e-01 2.726e-01    0.649    0.701    0.731
 9785 6.431e-02 1.297e-01 2.724e-01    0.648    0.700    0.731
 9790 6.426e-02 1.296e-01 2.721e-01    0.647    0.700    0.730
 9795 6.421e-02 1.295e-01 2.719e-01    0.647    0.699    0.729
 9800 6.415e-02 1.294e-01 2.717e-01    0.646    0.699    0.729
 9805 6.410e-02 1.293e-01 2.715e-01    0.646    0.698    0.728
 9810 6.405e-02 1.292e-01 2.712e-01    0.645    0.697    0.728
 9815 6.400e-02 1.291e-01 2.710e-01    0.645    0.697    0.727
 9820 6.394e-02 1.290e-01 2.708e-01    0.644    0.696    0.726
 9825 6.389e-02 1.289e-01 2.706e-01    0.644    0.696    0.726
 9830 6.384e-02 1.287e-01 2.704e-01    0.643    0.695    0.725
 9835 6.379e-02 1.286e-01 2.701e-01    0.643    0.695    0.725
 9840 6.373e-02 1.285e-01 2.699e-01    0.642    0.694    0.724
 9845 6.368e-02 1.284e-01 2.697e-01    0.642    0.693    0.723
 9850 6.363e-02 1.283e-01 2.695e-01    0.641    0.693    0.723
 9855 6.358e-02 1.282e-01 2.693e-01    0.641    0.692    0.722
 9860 6.353e-02 1.281e-01 2.690e-01    0.640    0.692    0.722
 9865 6.347e-02 1.280e-01 2.688e-01    0.640    0.691    0.721
 9870 6.342e-02 1.279e-01 2.686e-01    0.639    0.691    0.720
 9875 6.337e-02 1.278e-01 2.684e-01    0.638    0.690    0.720
 9880 6.332e-02 1.277e-01 2.682e-01    0.638    0.689    0.719
 9885 6.327e-02 1.276e-01 2.679e-01    0.637    0.689    0.719
 9890 6.322e-02 1.275e-01 2.677e-01    0.637    0.688    0.718
 9895 6.316e-02 1.274e-01 2.675e-01    0.636    0.688    0.718
 9900 6.311e-02 1.273e-01 2.673e-01    0.636    0.687    0.717
 9905 6.306e-02 1.272e-01 2.671e-01    0.635    0.687    0.716
 9910 6.301e-02 1.271e-01 2.669e-01    0.635    0.686    0.716
 9915 6.296e-02 1.270e-01 2.666e-01    0.634    0.686    0.715
 9920 6.291e-02 1.269e-01 2.664e-01    0.634    0.685    0.715
 9925 6.286e-02 1.268e-01 2.662e-01    0.633    0.684    0.714
 9930 6.281e-02 1.267e-01 2.660e-01    0.633    0.684    0.713
 9935 6.276e-02 1.266e-01 2.658e-01    0.632    0.683    0.713
 9940 6.270e-02 1.265e-01 2.656e-01    0.632    0.683    0.712
 9945 6.265e-02 1.264e-01 2.653e-01    0.631    0.682    0.712
 9950 6.260e-02 1.263e-01 2.651e-01    0.631    0.682    0.711
 9955 6.255e-02 1.262e-01 2.649e-01    0.630    0.681    0.711
 9960 6.250e-02 1.261e-01 2.647e-01    0.630    0.681    0.710
 9965 6.245e-02 1.259e-01 2.645e-01    0.629    0.680    0.709
 9970 6.240e-02 1.258e-01 2.643e-01    0.629    0.679    0.709
 9975 6.235e-02 1.257e-01 2.641e-01    0.628    0.679    0.708
 9980 6.230e-02 1.256e-01 2.638e-01    0.628    0.678    0.708
 9985 6.225e-02 1.255e-01 2.636e-01    0.627    0.678    0.707
 9990 6.220e-02 1.254e-01 2.634e-01    0.627    0.677    0.707
 9995 6.215e-02 1.253e-01 2.632e-01    0.626    0.677    0.706
