#theta   rho_t      z_t      r_t S_LMCavg_4000 S_LMCavg_6000 S_LMCavg_7999 Sn_LMCavg_4000 Sn_LMCavg_6000 Sn_LMCavg_7999 S_LMC2_4000 S_LMC2_6000 S_LMC2_7999 Sn_LMC2_4000 Sn_LMC2_6000 Sn_LMC2_7999 S_SMCbar_4000 S_SMCbar_6000 S_SMCbar_7999 Sn_SMCbar_4000 Sn_SMCbar_6000 Sn_SMCbar_7999 S_MWG_4000 S_MWG_6000 S_MWG_7999 Sn_MWG_4000 Sn_MWG_6000 Sn_MWG_7999
     1 114.589 6564.779 6565.779     1.489e-21     8.892e-22     3.834e-22         34.089         29.970         17.616   1.609e-21   8.700e-22   3.472e-22       32.710       27.402       15.445     7.239e-22     3.720e-22     1.633e-22         25.863         21.590         13.537  5.795e-21  2.833e-21  1.183e-21      28.186      18.724      10.149
     2  57.290 1640.570 1641.570     1.476e-21     8.819e-22     3.812e-22         33.791         29.724         17.516   1.595e-21   8.631e-22   3.455e-22       32.425       27.184       15.370     7.180e-22     3.692e-22     1.624e-22         25.652         21.428         13.462  5.746e-21  2.813e-21  1.178e-21      27.947      18.592      10.106
     3  38.188  728.679  729.679     1.455e-21     8.701e-22     3.778e-22         33.310         29.326         17.359   1.573e-21   8.520e-22   3.427e-22       31.978       26.835       15.242     7.085e-22     3.645e-22     1.609e-22         25.313         21.155         13.338  5.667e-21  2.781e-21  1.170e-21      27.563      18.381      10.031
     4  28.636  409.518  410.518     1.426e-21     8.540e-22     3.730e-22         32.647         28.783         17.138   1.543e-21   8.368e-22   3.388e-22       31.368       26.356       15.072     6.956e-22     3.582e-22     1.589e-22         24.852         20.789         13.170  5.559e-21  2.737e-21  1.158e-21      27.038      18.090       9.935
     5  22.904  261.791  262.791     1.391e-21     8.341e-22     3.670e-22         31.845         28.113         16.862   1.505e-21   8.180e-22   3.339e-22       30.596       25.764       14.854     6.797e-22     3.504e-22     1.563e-22         24.284         20.337         12.956  5.427e-21  2.683e-21  1.144e-21      26.396      17.733       9.815
     6  19.081  181.545  182.545     1.351e-21     8.110e-22     3.600e-22         30.929         27.334         16.541   1.462e-21   7.962e-22   3.282e-22       29.721       25.077       14.600     6.612e-22     3.413e-22     1.534e-22         23.623         19.808         12.714  5.273e-21  2.620e-21  1.127e-21      25.647      17.317       9.669
     7  16.350  133.159  134.159     1.306e-21     7.852e-22     3.520e-22         29.899         26.464         16.173   1.414e-21   7.717e-22   3.217e-22       28.746       24.306       14.310     6.405e-22     3.312e-22     1.500e-22         22.883         19.222         12.432  5.102e-21  2.549e-21  1.108e-21      24.815      16.847       9.506
     8  14.301  101.755  102.755     1.257e-21     7.573e-22     3.432e-22         28.777         25.524         15.772   1.362e-21   7.453e-22   3.144e-22       27.689       23.474       13.986     6.183e-22     3.202e-22     1.463e-22         22.090         18.584         12.126  4.918e-21  2.471e-21  1.086e-21      23.920      16.332       9.317
     9  12.706   80.224   81.224     1.206e-21     7.278e-22     3.338e-22         27.610         24.530         15.340   1.307e-21   7.173e-22   3.066e-22       26.570       22.592       13.638     5.948e-22     3.086e-22     1.423e-22         21.250         17.911         11.794  4.723e-21  2.390e-21  1.063e-21      22.972      15.796       9.120
    10  11.430   64.823   65.823     1.153e-21     6.974e-22     3.238e-22         26.397         23.505         14.881   1.250e-21   6.883e-22   2.983e-22       25.412       21.679       13.269     5.705e-22     2.966e-22     1.381e-22         20.382         17.214         11.452  4.523e-21  2.304e-21  1.038e-21      21.999      15.228       8.906
    11  10.385   53.428   54.428     1.100e-21     6.664e-22     3.135e-22         25.183         22.460         14.407   1.193e-21   6.588e-22   2.897e-22       24.253       20.750       12.886     5.459e-22     2.844e-22     1.338e-22         19.503         16.506         11.096  4.319e-21  2.217e-21  1.013e-21      21.007      14.653       8.690
    12   9.514   44.762   45.762     1.046e-21     6.354e-22     3.029e-22         23.947         21.416         13.920   1.136e-21   6.290e-22   2.807e-22       23.094       19.811       12.486     5.211e-22     2.721e-22     1.294e-22         18.617         15.792         10.731  4.115e-21  2.129e-21  9.861e-22      20.015      14.071       8.457
    13   8.777   38.017   39.017     9.933e-22     6.045e-22     2.922e-22         22.740         20.374         13.427   1.079e-21   5.995e-22   2.716e-22       21.935       18.882       12.081     4.966e-22     2.599e-22     1.249e-22         17.742         15.084         10.358  3.913e-21  2.041e-21  9.585e-22      19.032      13.490       8.221
    14   8.144   32.665   33.665     9.415e-22     5.743e-22     2.813e-22         21.554         19.356         12.927   1.023e-21   5.704e-22   2.623e-22       20.797       17.965       11.667     4.724e-22     2.479e-22     1.205e-22         16.877         14.388          9.987  3.715e-21  1.953e-21  9.305e-22      18.069      12.908       7.981
    15   7.596   28.348   29.348     8.912e-22     5.447e-22     2.706e-22         20.403         18.359         12.435   9.691e-22   5.420e-22   2.530e-22       19.701       17.071       11.253     4.489e-22     2.361e-22     1.160e-22         16.038         13.703          9.620  3.522e-21  1.868e-21  9.024e-22      17.130      12.346       7.739
    16   7.115   24.814   25.814     8.426e-22     5.162e-22     2.599e-22         19.290         17.398         11.942   9.168e-22   5.144e-22   2.438e-22       18.638       16.202       10.843     4.261e-22     2.247e-22     1.116e-22         15.223         13.041          9.256  3.336e-21  1.784e-21  8.742e-22      16.226      11.791       7.497
    17   6.691   21.886   22.886     7.960e-22     4.887e-22     2.494e-22         18.223         16.471         11.459   8.666e-22   4.879e-22   2.346e-22       17.617       15.367       10.434     4.041e-22     2.137e-22     1.073e-22         14.437         12.403          8.899  3.157e-21  1.702e-21  8.462e-22      15.355      11.249       7.257
    18   6.314   19.432   20.432     7.515e-22     4.624e-22     2.391e-22         17.205         15.585         10.986   8.186e-22   4.624e-22   2.256e-22       16.642       14.564       10.033     3.830e-22     2.031e-22     1.031e-22         13.683         11.788          8.551  2.986e-21  1.624e-21  8.184e-22      14.523      10.734       7.019
    19   5.976   17.355   18.355     7.092e-22     4.373e-22     2.291e-22         16.236         14.739         10.527   7.729e-22   4.380e-22   2.167e-22       15.713       13.795        9.638     3.629e-22     1.929e-22     9.901e-23         12.965         11.196          8.209  2.823e-21  1.548e-21  7.911e-22      13.731      10.231       6.784
    20   5.671   15.582   16.582     6.690e-22     4.135e-22     2.193e-22         15.316         13.937         10.076   7.296e-22   4.148e-22   2.081e-22       14.832       13.065        9.255     3.438e-22     1.833e-22     9.503e-23         12.283         10.638          7.879  2.669e-21  1.476e-21  7.642e-22      12.982       9.755       6.554
    21   5.396   14.056   15.056     6.311e-22     3.909e-22     2.099e-22         14.448         13.175          9.643   6.886e-22   3.927e-22   1.997e-22       13.999       12.369        8.881     3.256e-22     1.741e-22     9.119e-23         11.633         10.104          7.560  2.522e-21  1.407e-21  7.379e-22      12.267       9.299       6.329
    22   5.145   12.733   13.733     5.954e-22     3.695e-22     2.008e-22         13.631         12.454          9.225   6.499e-22   3.719e-22   1.915e-22       13.212       11.713        8.516     3.084e-22     1.654e-22     8.749e-23         11.018          9.600          7.253  2.384e-21  1.341e-21  7.123e-22      11.595       8.863       6.109
    23   4.915   11.579   12.579     5.617e-22     3.494e-22     1.921e-22         12.859         11.776          8.825   6.135e-22   3.521e-22   1.836e-22       12.472       11.090        8.165     2.922e-22     1.571e-22     8.392e-23         10.439          9.118          6.958  2.254e-21  1.278e-21  6.874e-22      10.963       8.447       5.896
    24   4.705   10.567   11.567     5.301e-22     3.304e-22     1.837e-22         12.136         11.136          8.439   5.793e-22   3.335e-22   1.760e-22       11.777       10.504        7.827     2.769e-22     1.493e-22     8.050e-23          9.893          8.665          6.674  2.132e-21  1.218e-21  6.633e-22      10.370       8.050       5.689
    25   4.511    9.673   10.673     5.004e-22     3.125e-22     1.756e-22         11.456         10.533          8.071   5.471e-22   3.159e-22   1.687e-22       11.122        9.950        7.502     2.624e-22     1.419e-22     7.722e-23          9.375          8.236          6.402  2.017e-21  1.161e-21  6.400e-22       9.810       7.673       5.489
    26   4.331    8.881    9.881     4.725e-22     2.957e-22     1.679e-22         10.817          9.966          7.717   5.170e-22   2.994e-22   1.616e-22       10.510        9.430        7.190     2.489e-22     1.350e-22     7.409e-23          8.892          7.835          6.142  1.909e-21  1.108e-21  6.174e-22       9.285       7.323       5.295
    27   4.165    8.175    9.175     4.464e-22     2.800e-22     1.605e-22         10.220          9.437          7.377   4.887e-22   2.839e-22   1.549e-22        9.935        8.942        6.892     2.361e-22     1.284e-22     7.109e-23          8.435          7.452          5.894  1.808e-21  1.057e-21  5.956e-22       8.794       6.986       5.108
    28   4.011    7.543    8.543     4.220e-22     2.652e-22     1.535e-22          9.661          8.938          7.055   4.622e-22   2.693e-22   1.484e-22        9.396        8.482        6.603     2.241e-22     1.222e-22     6.823e-23          8.006          7.092          5.657  1.713e-21  1.009e-21  5.747e-22       8.332       6.669       4.928
    29   3.867    6.976    7.976     3.992e-22     2.513e-22     1.468e-22          9.139          8.470          6.748   4.374e-22   2.555e-22   1.423e-22        8.892        8.047        6.331     2.128e-22     1.164e-22     6.550e-23          7.603          6.756          5.430  1.624e-21  9.631e-22  5.545e-22       7.899       6.365       4.755
    30   3.732    6.464    7.464     3.778e-22     2.383e-22     1.405e-22          8.649          8.032          6.458   4.142e-22   2.426e-22   1.364e-22        8.420        7.641        6.069     2.022e-22     1.109e-22     6.291e-23          7.224          6.436          5.215  1.540e-21  9.200e-22  5.351e-22       7.490       6.081       4.589
    31   3.606    6.001    7.001     3.577e-22     2.261e-22     1.344e-22          8.189          7.620          6.178   3.924e-22   2.305e-22   1.308e-22        7.977        7.260        5.819     1.922e-22     1.058e-22     6.043e-23          6.867          6.140          5.010  1.462e-21  8.794e-22  5.164e-22       7.111       5.812       4.429
    32   3.487    5.581    6.581     3.390e-22     2.147e-22     1.287e-22          7.761          7.236          5.916   3.721e-22   2.191e-22   1.254e-22        7.565        6.901        5.580     1.829e-22     1.009e-22     5.807e-23          6.534          5.856          4.814  1.389e-21  8.409e-22  4.986e-22       6.756       5.558       4.276
    33   3.376    5.198    6.198     3.215e-22     2.040e-22     1.232e-22          7.360          6.876          5.663   3.530e-22   2.085e-22   1.203e-22        7.176        6.567        5.353     1.741e-22     9.631e-23     5.582e-23          6.220          5.590          4.628  1.321e-21  8.046e-22  4.815e-22       6.425       5.318       4.130
    34   3.271    4.849    5.849     3.050e-22     1.939e-22     1.181e-22          6.983          6.535          5.428   3.352e-22   1.984e-22   1.155e-22        6.814        6.249        5.138     1.658e-22     9.200e-23     5.369e-23          5.924          5.340          4.451  1.256e-21  7.703e-22  4.651e-22       6.109       5.091       3.989
    35   3.172    4.530    5.530     2.897e-22     1.844e-22     1.131e-22          6.632          6.215          5.199   3.184e-22   1.890e-22   1.108e-22        6.473        5.953        4.930     1.581e-22     8.794e-23     5.166e-23          5.648          5.104          4.283  1.196e-21  7.379e-22  4.494e-22       5.817       4.877       3.854
    36   3.078    4.236    5.236     2.753e-22     1.756e-22     1.085e-22          6.303          5.918          4.987   3.028e-22   1.801e-22   1.064e-22        6.156        5.672        4.734     1.508e-22     8.411e-23     4.972e-23          5.388          4.882          4.122  1.139e-21  7.073e-22  4.343e-22       5.540       4.675       3.725
    37   2.989    3.966    4.966     2.618e-22     1.673e-22     1.040e-22          5.994          5.639          4.780   2.881e-22   1.718e-22   1.022e-22        5.857        5.411        4.548     1.439e-22     8.051e-23     4.789e-23          5.141          4.673          3.970  1.086e-21  6.783e-22  4.199e-22       5.282       4.483       3.601
    38   2.904    3.717    4.717     2.491e-22     1.595e-22     9.984e-23          5.703          5.376          4.588   2.743e-22   1.640e-22   9.827e-23        5.576        5.165        4.371     1.375e-22     7.711e-23     4.614e-23          4.912          4.475          3.825  1.036e-21  6.509e-22  4.061e-22       5.039       4.302       3.483
    39   2.824    3.487    4.487     2.372e-22     1.521e-22     9.584e-23          5.430          5.126          4.404   2.613e-22   1.566e-22   9.448e-23        5.312        4.932        4.203     1.314e-22     7.390e-23     4.447e-23          4.695          4.289          3.687  9.897e-22  6.249e-22  3.929e-22       4.814       4.130       3.369
    40   2.747    3.274    4.274     2.261e-22     1.452e-22     9.205e-23          5.176          4.894          4.230   2.492e-22   1.496e-22   9.087e-23        5.066        4.712        4.042     1.257e-22     7.087e-23     4.289e-23          4.491          4.113          3.556  9.457e-22  6.004e-22  3.803e-22       4.600       3.968       3.261
    41   2.675    3.077    4.077     2.156e-22     1.387e-22     8.845e-23          4.936          4.675          4.064   2.378e-22   1.431e-22   8.744e-23        4.834        4.507        3.889     1.203e-22     6.801e-23     4.138e-23          4.298          3.947          3.431  9.043e-22  5.772e-22  3.682e-22       4.398       3.815       3.158
    42   2.605    2.893    3.893     2.058e-22     1.326e-22     8.503e-23          4.712          4.469          3.907   2.271e-22   1.369e-22   8.418e-23        4.617        4.312        3.744     1.153e-22     6.531e-23     3.995e-23          4.119          3.790          3.312  8.653e-22  5.551e-22  3.566e-22       4.209       3.669       3.058
    43   2.539    2.722    3.722     1.966e-22     1.269e-22     8.178e-23          4.501          4.277          3.758   2.170e-22   1.311e-22   8.108e-23        4.411        4.129        3.606     1.105e-22     6.276e-23     3.858e-23          3.948          3.642          3.198  8.287e-22  5.343e-22  3.455e-22       4.031       3.531       2.963
    44   2.475    2.563    3.563     1.879e-22     1.214e-22     7.869e-23          4.302          4.092          3.616   2.075e-22   1.257e-22   7.812e-23        4.218        3.959        3.475     1.060e-22     6.035e-23     3.728e-23          3.787          3.503          3.091  7.942e-22  5.145e-22  3.349e-22       3.863       3.401       2.872
    45   2.414    2.414    3.414     1.797e-22     1.163e-22     7.576e-23          4.114          3.920          3.481   1.986e-22   1.205e-22   7.531e-23        4.037        3.795        3.350     1.017e-22     5.807e-23     3.604e-23          3.633          3.370          2.988  7.616e-22  4.958e-22  3.247e-22       3.704       3.277       2.785
    46   2.356    2.275    3.275     1.720e-22     1.115e-22     7.297e-23          3.938          3.758          3.353   1.901e-22   1.156e-22   7.263e-23        3.865        3.641        3.230     9.770e-23     5.590e-23     3.486e-23          3.491          3.244          2.890  7.309e-22  4.780e-22  3.150e-22       3.555       3.159       2.701
    47   2.300    2.145    3.145     1.647e-22     1.070e-22     7.032e-23          3.771          3.606          3.232   1.822e-22   1.110e-22   7.007e-23        3.704        3.496        3.117     9.390e-23     5.385e-23     3.374e-23          3.355          3.125          2.797  7.019e-22  4.611e-22  3.057e-22       3.414       3.048       2.621
    48   2.246    2.022    3.022     1.579e-22     1.027e-22     6.780e-23          3.615          3.461          3.116   1.747e-22   1.067e-22   6.765e-23        3.552        3.361        3.009     9.031e-23     5.191e-23     3.266e-23          3.227          3.013          2.708  6.745e-22  4.450e-22  2.967e-22       3.281       2.941       2.544
    49   2.194    1.907    2.907     1.514e-22     9.860e-23     6.541e-23          3.466          3.323          3.006   1.677e-22   1.025e-22   6.533e-23        3.409        3.228        2.906     8.691e-23     5.007e-23     3.164e-23          3.105          2.906          2.623  6.487e-22  4.298e-22  2.882e-22       3.155       2.841       2.471
    50   2.145    1.799    2.799     1.453e-22     9.476e-23     6.313e-23          3.326          3.194          2.901   1.610e-22   9.865e-23   6.313e-23        3.273        3.107        2.808     8.369e-23     4.833e-23     3.066e-23          2.990          2.805          2.542  6.242e-22  4.153e-22  2.799e-22       3.036       2.745       2.401
    51   2.097    1.698    2.698     1.396e-22     9.113e-23     6.096e-23          3.196          3.071          2.801   1.547e-22   9.495e-23   6.103e-23        3.145        2.991        2.715     8.064e-23     4.667e-23     2.972e-23          2.881          2.709          2.464  6.010e-22  4.015e-22  2.721e-22       2.923       2.654       2.333
    52   2.050    1.602    2.602     1.341e-22     8.770e-23     5.889e-23          3.070          2.956          2.706   1.487e-22   9.146e-23   5.902e-23        3.023        2.881        2.625     7.775e-23     4.509e-23     2.883e-23          2.778          2.617          2.390  5.791e-22  3.884e-22  2.645e-22       2.817       2.567       2.269
    53   2.006    1.511    2.511     1.290e-22     8.444e-23     5.692e-23          2.953          2.846          2.616   1.431e-22   8.814e-23   5.711e-23        2.909        2.776        2.540     7.501e-23     4.359e-23     2.798e-23          2.680          2.530          2.319  5.583e-22  3.759e-22  2.573e-22       2.715       2.484       2.206
    54   1.963    1.426    2.426     1.241e-22     8.136e-23     5.505e-23          2.841          2.742          2.530   1.377e-22   8.499e-23   5.529e-23        2.799        2.677        2.459     7.240e-23     4.217e-23     2.716e-23          2.587          2.447          2.251  5.386e-22  3.640e-22  2.503e-22       2.620       2.406       2.147
    55   1.921    1.345    2.345     1.195e-22     7.843e-23     5.326e-23          2.736          2.643          2.447   1.327e-22   8.201e-23   5.355e-23        2.698        2.583        2.382     6.993e-23     4.081e-23     2.638e-23          2.498          2.369          2.187  5.200e-22  3.526e-22  2.437e-22       2.529       2.330       2.090
    56   1.881    1.269    2.269     1.151e-22     7.566e-23     5.155e-23          2.635          2.550          2.369   1.279e-22   7.917e-23   5.188e-23        2.600        2.494        2.308     6.758e-23     3.952e-23     2.563e-23          2.414          2.294          2.125  5.022e-22  3.418e-22  2.373e-22       2.443       2.259       2.035
    57   1.842    1.196    2.196     1.110e-22     7.302e-23     4.992e-23          2.541          2.461          2.294   1.233e-22   7.648e-23   5.029e-23        2.507        2.409        2.237     6.535e-23     3.829e-23     2.492e-23          2.335          2.222          2.066  4.854e-22  3.314e-22  2.311e-22       2.361       2.190       1.982
    58   1.804    1.127    2.127     1.070e-22     7.052e-23     4.837e-23          2.450          2.377          2.223   1.190e-22   7.392e-23   4.878e-23        2.419        2.328        2.170     6.323e-23     3.712e-23     2.423e-23          2.259          2.154          2.009  4.693e-22  3.216e-22  2.252e-22       2.283       2.126       1.932
    59   1.767    1.062    2.062     1.033e-22     6.814e-23     4.688e-23          2.365          2.297          2.154   1.149e-22   7.148e-23   4.732e-23        2.336        2.251        2.105     6.120e-23     3.601e-23     2.358e-23          2.186          2.090          1.955  4.541e-22  3.121e-22  2.195e-22       2.209       2.063       1.883
    60   1.732    1.000    2.000     9.974e-23     6.587e-23     4.547e-23          2.283          2.220          2.089   1.110e-22   6.916e-23   4.594e-23        2.257        2.178        2.043     5.928e-23     3.494e-23     2.295e-23          2.118          2.028          1.903  4.396e-22  3.031e-22  2.141e-22       2.138       2.003       1.836
    61   1.698    0.941    1.941     9.636e-23     6.372e-23     4.411e-23          2.206          2.148          2.027   1.073e-22   6.695e-23   4.461e-23        2.181        2.109        1.984     5.745e-23     3.392e-23     2.235e-23          2.053          1.969          1.853  4.258e-22  2.945e-22  2.088e-22       2.071       1.946       1.791
    62   1.664    0.885    1.885     9.315e-23     6.167e-23     4.281e-23          2.133          2.079          1.967   1.038e-22   6.485e-23   4.334e-23        2.110        2.043        1.928     5.570e-23     3.295e-23     2.177e-23          1.990          1.912          1.805  4.127e-22  2.863e-22  2.038e-22       2.007       1.892       1.748
    63   1.632    0.831    1.831     9.010e-23     5.972e-23     4.157e-23          2.063          2.013          1.910   1.004e-22   6.284e-23   4.212e-23        2.041        1.979        1.873     5.403e-23     3.202e-23     2.122e-23          1.930          1.858          1.759  4.001e-22  2.784e-22  1.989e-22       1.946       1.840       1.706
    64   1.600    0.781    1.781     8.720e-23     5.786e-23     4.039e-23          1.996          1.950          1.856   9.722e-23   6.093e-23   4.095e-23        1.976        1.919        1.821     5.244e-23     3.113e-23     2.068e-23          1.874          1.807          1.715  3.882e-22  2.709e-22  1.943e-22       1.888       1.790       1.667
    65   1.570    0.732    1.732     8.443e-23     5.608e-23     3.925e-23          1.933          1.890          1.803   9.418e-23   5.910e-23   3.984e-23        1.915        1.861        1.772     5.092e-23     3.028e-23     2.017e-23          1.819          1.757          1.673  3.768e-22  2.636e-22  1.898e-22       1.833       1.742       1.628
    66   1.540    0.686    1.686     8.179e-23     5.439e-23     3.816e-23          1.872          1.833          1.753   9.128e-23   5.736e-23   3.877e-23        1.856        1.807        1.724     4.947e-23     2.947e-23     1.968e-23          1.767          1.710          1.632  3.659e-22  2.567e-22  1.854e-22       1.780       1.697       1.590
    67   1.511    0.641    1.641     7.927e-23     5.277e-23     3.712e-23          1.815          1.779          1.706   8.851e-23   5.570e-23   3.774e-23        1.799        1.754        1.678     4.808e-23     2.869e-23     1.921e-23          1.718          1.665          1.593  3.555e-22  2.501e-22  1.813e-22       1.729       1.653       1.555
    68   1.483    0.599    1.599     7.687e-23     5.123e-23     3.612e-23          1.760          1.727          1.660   8.586e-23   5.410e-23   3.675e-23        1.745        1.704        1.634     4.675e-23     2.794e-23     1.876e-23          1.670          1.622          1.556  3.455e-22  2.437e-22  1.772e-22       1.680       1.611       1.520
    69   1.455    0.559    1.559     7.458e-23     4.975e-23     3.516e-23          1.707          1.677          1.615   8.334e-23   5.258e-23   3.581e-23        1.694        1.656        1.593     4.548e-23     2.723e-23     1.832e-23          1.625          1.580          1.519  3.360e-22  2.376e-22  1.734e-22       1.634       1.570       1.487
    70   1.428    0.520    1.520     7.240e-23     4.834e-23     3.424e-23          1.658          1.629          1.574   8.093e-23   5.113e-23   3.490e-23        1.645        1.610        1.552     4.426e-23     2.654e-23     1.791e-23          1.581          1.540          1.485  3.269e-22  2.317e-22  1.696e-22       1.590       1.531       1.455
    71   1.402    0.483    1.483     7.031e-23     4.699e-23     3.336e-23          1.610          1.584          1.533   7.862e-23   4.973e-23   3.403e-23        1.598        1.566        1.513     4.310e-23     2.588e-23     1.750e-23          1.540          1.502          1.451  3.182e-22  2.261e-22  1.660e-22       1.548       1.494       1.424
    72   1.376    0.447    1.447     6.831e-23     4.570e-23     3.251e-23          1.564          1.540          1.494   7.642e-23   4.840e-23   3.319e-23        1.554        1.524        1.476     4.199e-23     2.525e-23     1.711e-23          1.500          1.465          1.419  3.099e-22  2.207e-22  1.625e-22       1.507       1.459       1.394
    73   1.351    0.413    1.413     6.640e-23     4.446e-23     3.170e-23          1.520          1.498          1.457   7.431e-23   4.712e-23   3.238e-23        1.511        1.484        1.440     4.092e-23     2.465e-23     1.674e-23          1.462          1.431          1.388  3.019e-22  2.155e-22  1.592e-22       1.468       1.424       1.366
    74   1.327    0.381    1.381     6.457e-23     4.328e-23     3.092e-23          1.478          1.459          1.421   7.229e-23   4.590e-23   3.161e-23        1.470        1.446        1.406     3.989e-23     2.406e-23     1.638e-23          1.425          1.396          1.358  2.943e-22  2.105e-22  1.559e-22       1.431       1.391       1.337
    75   1.303    0.349    1.349     6.282e-23     4.215e-23     3.017e-23          1.438          1.421          1.387   7.036e-23   4.472e-23   3.086e-23        1.430        1.409        1.373     3.891e-23     2.351e-23     1.603e-23          1.390          1.364          1.329  2.869e-22  2.057e-22  1.528e-22       1.395       1.360       1.311
    76   1.280    0.319    1.319     6.114e-23     4.106e-23     2.945e-23          1.400          1.384          1.353   6.851e-23   4.360e-23   3.015e-23        1.393        1.373        1.341     3.796e-23     2.297e-23     1.570e-23          1.356          1.333          1.302  2.799e-22  2.010e-22  1.498e-22       1.361       1.328       1.285
    77   1.257    0.290    1.290     5.954e-23     4.002e-23     2.875e-23          1.363          1.349          1.321   6.674e-23   4.252e-23   2.946e-23        1.357        1.339        1.310     3.706e-23     2.245e-23     1.538e-23          1.324          1.303          1.275  2.731e-22  1.966e-22  1.469e-22       1.328       1.299       1.260
    78   1.235    0.262    1.262     5.800e-23     3.902e-23     2.809e-23          1.328          1.315          1.291   6.504e-23   4.148e-23   2.879e-23        1.322        1.306        1.281     3.619e-23     2.195e-23     1.506e-23          1.293          1.274          1.249  2.666e-22  1.923e-22  1.440e-22       1.297       1.271       1.235
    79   1.213    0.236    1.236     5.652e-23     3.806e-23     2.744e-23          1.294          1.283          1.261   6.341e-23   4.048e-23   2.815e-23        1.289        1.275        1.252     3.535e-23     2.147e-23     1.476e-23          1.263          1.246          1.224  2.604e-22  1.882e-22  1.413e-22       1.267       1.244       1.212
    80   1.192    0.210    1.210     5.511e-23     3.714e-23     2.683e-23          1.262          1.252          1.233   6.184e-23   3.953e-23   2.754e-23        1.257        1.245        1.225     3.455e-23     2.101e-23     1.447e-23          1.234          1.219          1.200  2.544e-22  1.842e-22  1.387e-22       1.237       1.217       1.190
    81   1.171    0.185    1.185     5.375e-23     3.625e-23     2.623e-23          1.231          1.222          1.205   6.034e-23   3.861e-23   2.695e-23        1.227        1.216        1.199     3.378e-23     2.057e-23     1.420e-23          1.207          1.194          1.177  2.486e-22  1.803e-22  1.361e-22       1.209       1.192       1.167
    82   1.150    0.162    1.162     5.244e-23     3.540e-23     2.566e-23          1.201          1.193          1.179   5.890e-23   3.772e-23   2.637e-23        1.197        1.188        1.173     3.303e-23     2.014e-23     1.392e-23          1.180          1.169          1.154  2.431e-22  1.766e-22  1.337e-22       1.182       1.167       1.147
    83   1.130    0.139    1.139     5.119e-23     3.458e-23     2.511e-23          1.172          1.165          1.154   5.751e-23   3.687e-23   2.582e-23        1.169        1.161        1.149     3.232e-23     1.973e-23     1.366e-23          1.155          1.145          1.133  2.378e-22  1.731e-22  1.313e-22       1.157       1.144       1.126
    84   1.111    0.117    1.117     4.999e-23     3.380e-23     2.458e-23          1.144          1.139          1.130   5.618e-23   3.606e-23   2.529e-23        1.142        1.136        1.125     3.163e-23     1.933e-23     1.341e-23          1.130          1.122          1.112  2.327e-22  1.696e-22  1.290e-22       1.132       1.121       1.106
    85   1.091    0.095    1.095     4.883e-23     3.304e-23     2.406e-23          1.118          1.114          1.106   5.490e-23   3.527e-23   2.478e-23        1.116        1.111        1.102     3.096e-23     1.895e-23     1.317e-23          1.106          1.100          1.092  2.277e-22  1.663e-22  1.267e-22       1.107       1.099       1.087
    86   1.072    0.075    1.075     4.772e-23     3.232e-23     2.357e-23          1.092          1.089          1.083   5.367e-23   3.451e-23   2.429e-23        1.091        1.087        1.081     3.032e-23     1.858e-23     1.293e-23          1.083          1.078          1.072  2.230e-22  1.631e-22  1.246e-22       1.085       1.078       1.069
    87   1.054    0.055    1.055     4.665e-23     3.162e-23     2.309e-23          1.068          1.066          1.061   5.248e-23   3.378e-23   2.381e-23        1.067        1.064        1.059     2.971e-23     1.822e-23     1.270e-23          1.061          1.057          1.053  2.184e-22  1.600e-22  1.225e-22       1.062       1.058       1.051
    88   1.036    0.036    1.036     4.562e-23     3.094e-23     2.263e-23          1.044          1.043          1.040   5.134e-23   3.308e-23   2.335e-23        1.044        1.042        1.039     2.911e-23     1.788e-23     1.248e-23          1.040          1.038          1.035  2.140e-22  1.570e-22  1.204e-22       1.041       1.038       1.033
    89   1.018    0.018    1.018     4.463e-23     3.029e-23     2.219e-23          1.022          1.021          1.020   5.025e-23   3.240e-23   2.290e-23        1.022        1.020        1.019     2.854e-23     1.755e-23     1.227e-23          1.020          1.019          1.017  2.097e-22  1.541e-22  1.185e-22       1.020       1.019       1.016
    90   1.000    0.000    1.000     4.368e-23     2.967e-23     2.176e-23          1.000          1.000          1.000   4.919e-23   3.175e-23   2.248e-23        1.000        1.000        1.000     2.799e-23     1.723e-23     1.206e-23          1.000          1.000          1.000  2.056e-22  1.513e-22  1.166e-22       1.000       1.000       1.000
    91   0.983   -0.017    0.983     4.276e-23     2.906e-23     2.135e-23          0.979          0.979          0.981   4.817e-23   3.112e-23   2.206e-23        0.979        0.980        0.981     2.746e-23     1.692e-23     1.186e-23          0.981          0.982          0.983  2.017e-22  1.486e-22  1.147e-22       0.981       0.982       0.984
    92   0.966   -0.034    0.966     4.188e-23     2.848e-23     2.095e-23          0.959          0.960          0.963   4.719e-23   3.051e-23   2.166e-23        0.959        0.961        0.964     2.694e-23     1.662e-23     1.167e-23          0.962          0.965          0.968  1.978e-22  1.460e-22  1.129e-22       0.962       0.965       0.968
    93   0.949   -0.050    0.950     4.103e-23     2.792e-23     2.056e-23          0.939          0.941          0.945   4.624e-23   2.993e-23   2.127e-23        0.940        0.943        0.946     2.645e-23     1.633e-23     1.148e-23          0.945          0.948          0.952  1.942e-22  1.435e-22  1.112e-22       0.945       0.948       0.954
    94   0.933   -0.065    0.935     4.021e-23     2.738e-23     2.019e-23          0.921          0.923          0.928   4.533e-23   2.936e-23   2.090e-23        0.922        0.925        0.930     2.597e-23     1.605e-23     1.130e-23          0.928          0.932          0.937  1.906e-22  1.411e-22  1.095e-22       0.927       0.933       0.939
    95   0.916   -0.080    0.920     3.941e-23     2.686e-23     1.983e-23          0.902          0.905          0.911   4.445e-23   2.882e-23   2.053e-23        0.904        0.908        0.913     2.551e-23     1.578e-23     1.113e-23          0.911          0.916          0.923  1.872e-22  1.387e-22  1.079e-22       0.911       0.917       0.925
    96   0.900   -0.095    0.905     3.865e-23     2.636e-23     1.948e-23          0.885          0.888          0.895   4.361e-23   2.829e-23   2.018e-23        0.887        0.891        0.898     2.506e-23     1.552e-23     1.096e-23          0.895          0.901          0.909  1.839e-22  1.364e-22  1.063e-22       0.894       0.902       0.912
    97   0.885   -0.109    0.891     3.792e-23     2.587e-23     1.914e-23          0.868          0.872          0.880   4.279e-23   2.778e-23   1.985e-23        0.870        0.875        0.883     2.463e-23     1.526e-23     1.079e-23          0.880          0.886          0.895  1.806e-22  1.342e-22  1.047e-22       0.878       0.887       0.898
    98   0.869   -0.122    0.878     3.720e-23     2.540e-23     1.882e-23          0.852          0.856          0.865   4.200e-23   2.729e-23   1.952e-23        0.854        0.860        0.868     2.421e-23     1.502e-23     1.063e-23          0.865          0.872          0.881  1.776e-22  1.321e-22  1.032e-22       0.864       0.873       0.885
    99   0.854   -0.135    0.865     3.652e-23     2.495e-23     1.850e-23          0.836          0.841          0.850   4.124e-23   2.681e-23   1.920e-23        0.838        0.844        0.854     2.381e-23     1.478e-23     1.048e-23          0.851          0.858          0.869  1.746e-22  1.300e-22  1.018e-22       0.849       0.859       0.873
   100   0.839   -0.148    0.852     3.586e-23     2.451e-23     1.820e-23          0.821          0.826          0.836   4.050e-23   2.635e-23   1.889e-23        0.823        0.830        0.840     2.342e-23     1.455e-23     1.033e-23          0.837          0.844          0.856  1.717e-22  1.280e-22  1.004e-22       0.835       0.846       0.861
   101   0.824   -0.160    0.840     3.522e-23     2.409e-23     1.790e-23          0.806          0.812          0.823   3.979e-23   2.591e-23   1.859e-23        0.809        0.816        0.827     2.304e-23     1.433e-23     1.018e-23          0.823          0.832          0.844  1.689e-22  1.261e-22  9.904e-23       0.821       0.833       0.849
   102   0.810   -0.172    0.828     3.460e-23     2.368e-23     1.761e-23          0.792          0.798          0.809   3.910e-23   2.548e-23   1.831e-23        0.795        0.803        0.815     2.267e-23     1.412e-23     1.004e-23          0.810          0.820          0.833  1.662e-22  1.242e-22  9.771e-23       0.808       0.821       0.838
   103   0.795   -0.184    0.816     3.400e-23     2.329e-23     1.734e-23          0.778          0.785          0.797   3.844e-23   2.507e-23   1.803e-23        0.781        0.790        0.802     2.232e-23     1.391e-23     9.904e-24          0.797          0.807          0.821  1.635e-22  1.224e-22  9.643e-23       0.795       0.809       0.827
   104   0.781   -0.195    0.805     3.343e-23     2.291e-23     1.707e-23          0.765          0.772          0.784   3.780e-23   2.467e-23   1.776e-23        0.768        0.777        0.790     2.198e-23     1.371e-23     9.771e-24          0.785          0.796          0.810  1.610e-22  1.206e-22  9.518e-23       0.783       0.797       0.816
   105   0.767   -0.206    0.794     3.287e-23     2.254e-23     1.681e-23          0.753          0.760          0.773   3.718e-23   2.428e-23   1.750e-23        0.756        0.765        0.778     2.165e-23     1.351e-23     9.642e-24          0.773          0.784          0.799  1.586e-22  1.189e-22  9.397e-23       0.771       0.786       0.806
   106   0.754   -0.216    0.784     3.233e-23     2.218e-23     1.656e-23          0.740          0.748          0.761   3.658e-23   2.390e-23   1.724e-23        0.744        0.753        0.767     2.133e-23     1.332e-23     9.517e-24          0.762          0.773          0.789  1.562e-22  1.172e-22  9.279e-23       0.760       0.775       0.796
   107   0.740   -0.226    0.774     3.181e-23     2.183e-23     1.632e-23          0.728          0.736          0.750   3.600e-23   2.354e-23   1.700e-23        0.732        0.741        0.756     2.102e-23     1.314e-23     9.396e-24          0.751          0.763          0.779  1.539e-22  1.156e-22  9.165e-23       0.749       0.764       0.786
   108   0.727   -0.236    0.764     3.131e-23     2.150e-23     1.608e-23          0.717          0.725          0.739   3.544e-23   2.319e-23   1.676e-23        0.720        0.730        0.746     2.072e-23     1.296e-23     9.278e-24          0.740          0.752          0.769  1.517e-22  1.140e-22  9.053e-23       0.738       0.753       0.776
   109   0.713   -0.246    0.754     3.082e-23     2.118e-23     1.585e-23          0.706          0.714          0.728   3.490e-23   2.285e-23   1.653e-23        0.709        0.720        0.735     2.043e-23     1.279e-23     9.163e-24          0.730          0.742          0.760  1.495e-22  1.125e-22  8.946e-23       0.727       0.744       0.767
   110   0.700   -0.255    0.745     3.035e-23     2.086e-23     1.563e-23          0.695          0.703          0.718   3.437e-23   2.252e-23   1.630e-23        0.699        0.709        0.725     2.014e-23     1.262e-23     9.052e-24          0.720          0.732          0.750  1.474e-22  1.111e-22  8.841e-23       0.717       0.734       0.758
   111   0.687   -0.264    0.736     2.990e-23     2.056e-23     1.542e-23          0.685          0.693          0.709   3.386e-23   2.220e-23   1.609e-23        0.688        0.699        0.716     1.987e-23     1.246e-23     8.944e-24          0.710          0.723          0.742  1.454e-22  1.096e-22  8.739e-23       0.707       0.724       0.749
   112   0.675   -0.273    0.727     2.946e-23     2.027e-23     1.521e-23          0.674          0.683          0.699   3.337e-23   2.189e-23   1.588e-23        0.678        0.689        0.706     1.961e-23     1.230e-23     8.840e-24          0.701          0.714          0.733  1.435e-22  1.083e-22  8.640e-23       0.698       0.716       0.741
   113   0.662   -0.281    0.719     2.903e-23     1.998e-23     1.501e-23          0.665          0.673          0.690   3.290e-23   2.159e-23   1.567e-23        0.669        0.680        0.697     1.935e-23     1.215e-23     8.738e-24          0.691          0.705          0.724  1.416e-22  1.069e-22  8.544e-23       0.689       0.707       0.733
   114   0.649   -0.289    0.711     2.862e-23     1.971e-23     1.482e-23          0.655          0.664          0.681   3.244e-23   2.130e-23   1.547e-23        0.659        0.671        0.688     1.910e-23     1.200e-23     8.639e-24          0.682          0.696          0.716  1.397e-22  1.056e-22  8.450e-23       0.679       0.698       0.725
   115   0.637   -0.297    0.703     2.822e-23     1.944e-23     1.463e-23          0.646          0.655          0.672   3.199e-23   2.102e-23   1.528e-23        0.650        0.662        0.680     1.886e-23     1.186e-23     8.544e-24          0.674          0.688          0.708  1.379e-22  1.044e-22  8.359e-23       0.671       0.690       0.717
   116   0.625   -0.305    0.695     2.783e-23     1.919e-23     1.444e-23          0.637          0.647          0.664   3.156e-23   2.075e-23   1.510e-23        0.642        0.654        0.672     1.863e-23     1.172e-23     8.450e-24          0.666          0.680          0.701  1.362e-22  1.031e-22  8.271e-23       0.662       0.681       0.709
   117   0.613   -0.312    0.688     2.746e-23     1.894e-23     1.427e-23          0.629          0.638          0.656   3.114e-23   2.049e-23   1.492e-23        0.633        0.645        0.664     1.840e-23     1.158e-23     8.360e-24          0.657          0.672          0.693  1.345e-22  1.019e-22  8.185e-23       0.654       0.673       0.702
   118   0.601   -0.319    0.681     2.710e-23     1.870e-23     1.409e-23          0.620          0.630          0.648   3.074e-23   2.023e-23   1.474e-23        0.625        0.637        0.656     1.818e-23     1.145e-23     8.272e-24          0.650          0.665          0.686  1.329e-22  1.008e-22  8.102e-23       0.646       0.666       0.695
   119   0.589   -0.327    0.673     2.675e-23     1.846e-23     1.393e-23          0.612          0.622          0.640   3.035e-23   1.999e-23   1.457e-23        0.617        0.630        0.648     1.797e-23     1.133e-23     8.187e-24          0.642          0.658          0.679  1.314e-22  9.968e-23  8.021e-23       0.639       0.659       0.688
   120   0.577   -0.333    0.667     2.641e-23     1.824e-23     1.377e-23          0.605          0.615          0.633   2.997e-23   1.975e-23   1.441e-23        0.609        0.622        0.641     1.777e-23     1.120e-23     8.104e-24          0.635          0.650          0.672  1.298e-22  9.859e-23  7.942e-23       0.631       0.652       0.681
   121   0.566   -0.340    0.660     2.608e-23     1.802e-23     1.361e-23          0.597          0.607          0.625   2.960e-23   1.951e-23   1.425e-23        0.602        0.614        0.634     1.757e-23     1.108e-23     8.024e-24          0.628          0.643          0.665  1.284e-22  9.754e-23  7.866e-23       0.625       0.645       0.675
   122   0.554   -0.346    0.654     2.576e-23     1.780e-23     1.346e-23          0.590          0.600          0.619   2.925e-23   1.929e-23   1.409e-23        0.595        0.608        0.627     1.737e-23     1.097e-23     7.946e-24          0.621          0.637          0.659  1.269e-22  9.652e-23  7.792e-23       0.617       0.638       0.668
   123   0.543   -0.353    0.647     2.546e-23     1.760e-23     1.331e-23          0.583          0.593          0.612   2.890e-23   1.907e-23   1.394e-23        0.588        0.601        0.620     1.718e-23     1.085e-23     7.870e-24          0.614          0.630          0.652  1.255e-22  9.553e-23  7.720e-23       0.610       0.631       0.662
   124   0.532   -0.359    0.641     2.516e-23     1.740e-23     1.317e-23          0.576          0.586          0.605   2.857e-23   1.886e-23   1.380e-23        0.581        0.594        0.614     1.700e-23     1.075e-23     7.797e-24          0.607          0.624          0.646  1.242e-22  9.457e-23  7.650e-23       0.604       0.625       0.656
   125   0.521   -0.365    0.635     2.487e-23     1.720e-23     1.303e-23          0.569          0.580          0.599   2.825e-23   1.866e-23   1.366e-23        0.574        0.588        0.608     1.683e-23     1.064e-23     7.725e-24          0.601          0.618          0.640  1.229e-22  9.364e-23  7.581e-23       0.598       0.619       0.650
   126   0.510   -0.370    0.630     2.459e-23     1.702e-23     1.289e-23          0.563          0.574          0.592   2.794e-23   1.846e-23   1.352e-23        0.568        0.581        0.601     1.666e-23     1.054e-23     7.656e-24          0.595          0.612          0.635  1.216e-22  9.274e-23  7.515e-23       0.591       0.613       0.644
   127   0.499   -0.376    0.624     2.432e-23     1.684e-23     1.276e-23          0.557          0.568          0.586   2.763e-23   1.827e-23   1.339e-23        0.562        0.575        0.596     1.649e-23     1.044e-23     7.589e-24          0.589          0.606          0.629  1.204e-22  9.186e-23  7.451e-23       0.586       0.607       0.639
   128   0.488   -0.381    0.619     2.406e-23     1.666e-23     1.264e-23          0.551          0.562          0.581   2.734e-23   1.808e-23   1.326e-23        0.556        0.569        0.590     1.633e-23     1.034e-23     7.523e-24          0.583          0.600          0.624  1.192e-22  9.101e-23  7.389e-23       0.580       0.602       0.634
   129   0.477   -0.386    0.614     2.380e-23     1.649e-23     1.251e-23          0.545          0.556          0.575   2.706e-23   1.790e-23   1.313e-23        0.550        0.564        0.584     1.618e-23     1.025e-23     7.460e-24          0.578          0.595          0.618  1.181e-22  9.018e-23  7.328e-23       0.574       0.596       0.628
   130   0.466   -0.391    0.609     2.356e-23     1.633e-23     1.240e-23          0.539          0.550          0.570   2.678e-23   1.773e-23   1.301e-23        0.544        0.558        0.579     1.602e-23     1.016e-23     7.398e-24          0.572          0.590          0.613  1.170e-22  8.938e-23  7.269e-23       0.569       0.591       0.623
   131   0.456   -0.396    0.604     2.332e-23     1.617e-23     1.228e-23          0.534          0.545          0.564   2.652e-23   1.756e-23   1.290e-23        0.539        0.553        0.574     1.588e-23     1.007e-23     7.339e-24          0.567          0.584          0.608  1.159e-22  8.861e-23  7.212e-23       0.564       0.586       0.619
   132   0.445   -0.401    0.599     2.309e-23     1.601e-23     1.217e-23          0.529          0.540          0.559   2.626e-23   1.739e-23   1.278e-23        0.534        0.548        0.569     1.574e-23     9.984e-24     7.281e-24          0.562          0.579          0.604  1.149e-22  8.786e-23  7.157e-23       0.559       0.581       0.614
   133   0.435   -0.405    0.595     2.287e-23     1.586e-23     1.206e-23          0.524          0.535          0.554   2.601e-23   1.724e-23   1.267e-23        0.529        0.543        0.564     1.560e-23     9.902e-24     7.225e-24          0.557          0.575          0.599  1.138e-22  8.713e-23  7.103e-23       0.554       0.576       0.609
   134   0.424   -0.410    0.590     2.265e-23     1.572e-23     1.196e-23          0.519          0.530          0.550   2.577e-23   1.708e-23   1.257e-23        0.524        0.538        0.559     1.547e-23     9.822e-24     7.170e-24          0.553          0.570          0.594  1.129e-22  8.642e-23  7.051e-23       0.549       0.571       0.605
   135   0.414   -0.414    0.586     2.245e-23     1.558e-23     1.186e-23          0.514          0.525          0.545   2.554e-23   1.693e-23   1.246e-23        0.519        0.533        0.554     1.534e-23     9.745e-24     7.118e-24          0.548          0.566          0.590  1.119e-22  8.574e-23  7.001e-23       0.544       0.567       0.600
   136   0.404   -0.418    0.582     2.225e-23     1.544e-23     1.176e-23          0.509          0.520          0.540   2.531e-23   1.679e-23   1.236e-23        0.515        0.529        0.550     1.522e-23     9.670e-24     7.067e-24          0.544          0.561          0.586  1.110e-22  8.508e-23  6.952e-23       0.540       0.562       0.596
   137   0.394   -0.422    0.578     2.205e-23     1.531e-23     1.166e-23          0.505          0.516          0.536   2.509e-23   1.665e-23   1.227e-23        0.510        0.524        0.546     1.510e-23     9.597e-24     7.017e-24          0.539          0.557          0.582  1.101e-22  8.444e-23  6.904e-23       0.536       0.558       0.592
   138   0.384   -0.426    0.574     2.186e-23     1.519e-23     1.157e-23          0.500          0.512          0.532   2.488e-23   1.652e-23   1.217e-23        0.506        0.520        0.541     1.498e-23     9.527e-24     6.969e-24          0.535          0.553          0.578  1.093e-22  8.382e-23  6.858e-23       0.532       0.554       0.588
   139   0.374   -0.430    0.570     2.168e-23     1.506e-23     1.148e-23          0.496          0.508          0.528   2.468e-23   1.639e-23   1.208e-23        0.502        0.516        0.537     1.487e-23     9.459e-24     6.923e-24          0.531          0.549          0.574  1.084e-22  8.321e-23  6.814e-23       0.527       0.550       0.584
   140   0.364   -0.434    0.566     2.151e-23     1.495e-23     1.140e-23          0.492          0.504          0.524   2.448e-23   1.626e-23   1.200e-23        0.498        0.512        0.534     1.476e-23     9.393e-24     6.878e-24          0.527          0.545          0.570  1.076e-22  8.263e-23  6.771e-23       0.523       0.546       0.581
   141   0.354   -0.437    0.563     2.134e-23     1.483e-23     1.132e-23          0.489          0.500          0.520   2.429e-23   1.614e-23   1.191e-23        0.494        0.508        0.530     1.465e-23     9.329e-24     6.834e-24          0.523          0.541          0.567  1.068e-22  8.207e-23  6.729e-23       0.519       0.542       0.577
   142   0.344   -0.441    0.559     2.117e-23     1.472e-23     1.124e-23          0.485          0.496          0.516   2.411e-23   1.602e-23   1.183e-23        0.490        0.505        0.526     1.455e-23     9.268e-24     6.792e-24          0.520          0.538          0.563  1.061e-22  8.153e-23  6.688e-23       0.516       0.539       0.574
   143   0.335   -0.444    0.556     2.102e-23     1.462e-23     1.116e-23          0.481          0.493          0.513   2.393e-23   1.591e-23   1.175e-23        0.486        0.501        0.523     1.445e-23     9.209e-24     6.752e-24          0.516          0.534          0.560  1.054e-22  8.100e-23  6.649e-23       0.513       0.535       0.570
   144   0.325   -0.447    0.553     2.086e-23     1.451e-23     1.108e-23          0.478          0.489          0.509   2.376e-23   1.580e-23   1.167e-23        0.483        0.498        0.519     1.436e-23     9.151e-24     6.712e-24          0.513          0.531          0.556  1.047e-22  8.050e-23  6.612e-23       0.509       0.532       0.567
   145   0.315   -0.450    0.550     2.072e-23     1.441e-23     1.101e-23          0.474          0.486          0.506   2.360e-23   1.570e-23   1.160e-23        0.480        0.494        0.516     1.427e-23     9.096e-24     6.674e-24          0.510          0.528          0.553  1.040e-22  8.001e-23  6.575e-23       0.506       0.529       0.564
   146   0.306   -0.453    0.547     2.057e-23     1.432e-23     1.094e-23          0.471          0.483          0.503   2.344e-23   1.560e-23   1.153e-23        0.477        0.491        0.513     1.418e-23     9.043e-24     6.638e-24          0.507          0.525          0.550  1.034e-22  7.954e-23  6.540e-23       0.503       0.526       0.561
   147   0.296   -0.456    0.544     2.044e-23     1.423e-23     1.088e-23          0.468          0.480          0.500   2.329e-23   1.550e-23   1.146e-23        0.473        0.488        0.510     1.410e-23     8.991e-24     6.603e-24          0.504          0.522          0.547  1.027e-22  7.908e-23  6.506e-23       0.500       0.523       0.558
   148   0.287   -0.459    0.541     2.031e-23     1.414e-23     1.081e-23          0.465          0.477          0.497   2.314e-23   1.540e-23   1.140e-23        0.470        0.485        0.507     1.401e-23     8.942e-24     6.569e-24          0.501          0.519          0.545  1.021e-22  7.864e-23  6.473e-23       0.497       0.520       0.555
   149   0.277   -0.462    0.538     2.018e-23     1.405e-23     1.075e-23          0.462          0.474          0.494   2.300e-23   1.531e-23   1.133e-23        0.468        0.482        0.504     1.394e-23     8.894e-24     6.536e-24          0.498          0.516          0.542  1.015e-22  7.822e-23  6.442e-23       0.494       0.517       0.552
   150   0.268   -0.464    0.536     2.006e-23     1.397e-23     1.069e-23          0.459          0.471          0.491   2.286e-23   1.523e-23   1.127e-23        0.465        0.480        0.501     1.386e-23     8.848e-24     6.504e-24          0.495          0.514          0.539  1.010e-22  7.782e-23  6.411e-23       0.491       0.514       0.550
   151   0.259   -0.467    0.533     1.994e-23     1.389e-23     1.063e-23          0.457          0.468          0.489   2.273e-23   1.514e-23   1.121e-23        0.462        0.477        0.499     1.379e-23     8.804e-24     6.474e-24          0.493          0.511          0.537  1.005e-22  7.743e-23  6.382e-23       0.489       0.512       0.547
   152   0.249   -0.469    0.531     1.983e-23     1.382e-23     1.058e-23          0.454          0.466          0.486   2.261e-23   1.506e-23   1.116e-23        0.460        0.474        0.496     1.372e-23     8.762e-24     6.445e-24          0.490          0.509          0.534  9.994e-23  7.705e-23  6.354e-23       0.486       0.509       0.545
   153   0.240   -0.471    0.529     1.973e-23     1.375e-23     1.053e-23          0.452          0.463          0.484   2.249e-23   1.499e-23   1.110e-23        0.457        0.472        0.494     1.365e-23     8.721e-24     6.417e-24          0.488          0.506          0.532  9.945e-23  7.669e-23  6.327e-23       0.484       0.507       0.543
   154   0.231   -0.473    0.527     1.962e-23     1.368e-23     1.048e-23          0.449          0.461          0.482   2.237e-23   1.491e-23   1.105e-23        0.455        0.470        0.492     1.359e-23     8.682e-24     6.390e-24          0.486          0.504          0.530  9.898e-23  7.635e-23  6.301e-23       0.481       0.505       0.540
   155   0.222   -0.475    0.525     1.953e-23     1.361e-23     1.043e-23          0.447          0.459          0.479   2.226e-23   1.484e-23   1.100e-23        0.453        0.467        0.489     1.353e-23     8.645e-24     6.365e-24          0.483          0.502          0.528  9.853e-23  7.602e-23  6.276e-23       0.479       0.502       0.538
   156   0.213   -0.477    0.523     1.943e-23     1.355e-23     1.038e-23          0.445          0.457          0.477   2.216e-23   1.478e-23   1.095e-23        0.450        0.466        0.487     1.347e-23     8.609e-24     6.340e-24          0.481          0.500          0.526  9.810e-23  7.570e-23  6.253e-23       0.477       0.500       0.536
   157   0.203   -0.479    0.521     1.934e-23     1.349e-23     1.034e-23          0.443          0.455          0.475   2.206e-23   1.471e-23   1.091e-23        0.448        0.463        0.485     1.341e-23     8.575e-24     6.317e-24          0.479          0.498          0.524  9.768e-23  7.540e-23  6.230e-23       0.475       0.498       0.534
   158   0.194   -0.481    0.519     1.926e-23     1.343e-23     1.030e-23          0.441          0.453          0.473   2.196e-23   1.465e-23   1.087e-23        0.446        0.461        0.483     1.336e-23     8.543e-24     6.294e-24          0.477          0.496          0.522  9.729e-23  7.512e-23  6.209e-23       0.473       0.496       0.532
   159   0.185   -0.483    0.517     1.918e-23     1.338e-23     1.026e-23          0.439          0.451          0.471   2.187e-23   1.459e-23   1.083e-23        0.445        0.460        0.482     1.331e-23     8.512e-24     6.273e-24          0.476          0.494          0.520  9.692e-23  7.484e-23  6.188e-23       0.471       0.495       0.531
   160   0.176   -0.484    0.516     1.910e-23     1.332e-23     1.022e-23          0.437          0.449          0.470   2.179e-23   1.454e-23   1.079e-23        0.443        0.458        0.480     1.326e-23     8.483e-24     6.253e-24          0.474          0.492          0.518  9.657e-23  7.459e-23  6.169e-23       0.470       0.493       0.529
   161   0.167   -0.486    0.514     1.903e-23     1.327e-23     1.018e-23          0.436          0.447          0.468   2.170e-23   1.448e-23   1.075e-23        0.441        0.456        0.478     1.321e-23     8.455e-24     6.234e-24          0.472          0.491          0.517  9.623e-23  7.434e-23  6.150e-23       0.468       0.491       0.527
   162   0.158   -0.487    0.513     1.896e-23     1.323e-23     1.015e-23          0.434          0.446          0.466   2.163e-23   1.444e-23   1.072e-23        0.440        0.455        0.477     1.317e-23     8.429e-24     6.216e-24          0.471          0.489          0.515  9.591e-23  7.411e-23  6.133e-23       0.466       0.490       0.526
   163   0.149   -0.489    0.511     1.890e-23     1.318e-23     1.012e-23          0.433          0.444          0.465   2.156e-23   1.439e-23   1.068e-23        0.438        0.453        0.475     1.313e-23     8.404e-24     6.199e-24          0.469          0.488          0.514  9.562e-23  7.389e-23  6.117e-23       0.465       0.488       0.525
   164   0.141   -0.490    0.510     1.884e-23     1.314e-23     1.009e-23          0.431          0.443          0.464   2.149e-23   1.435e-23   1.065e-23        0.437        0.452        0.474     1.309e-23     8.381e-24     6.183e-24          0.468          0.486          0.513  9.534e-23  7.369e-23  6.101e-23       0.464       0.487       0.523
   165   0.132   -0.491    0.509     1.878e-23     1.311e-23     1.006e-23          0.430          0.442          0.462   2.142e-23   1.430e-23   1.062e-23        0.435        0.450        0.472     1.306e-23     8.360e-24     6.168e-24          0.467          0.485          0.511  9.507e-23  7.349e-23  6.087e-23       0.462       0.486       0.522
   166   0.123   -0.492    0.508     1.873e-23     1.307e-23     1.003e-23          0.429          0.441          0.461   2.137e-23   1.427e-23   1.060e-23        0.434        0.449        0.471     1.302e-23     8.339e-24     6.154e-24          0.465          0.484          0.510  9.483e-23  7.332e-23  6.073e-23       0.461       0.485       0.521
   167   0.114   -0.494    0.506     1.868e-23     1.304e-23     1.001e-23          0.428          0.440          0.460   2.131e-23   1.423e-23   1.057e-23        0.433        0.448        0.470     1.299e-23     8.321e-24     6.141e-24          0.464          0.483          0.509  9.460e-23  7.315e-23  6.061e-23       0.460       0.483       0.520
   168   0.105   -0.494    0.506     1.863e-23     1.301e-23     9.987e-24          0.427          0.438          0.459   2.126e-23   1.420e-23   1.055e-23        0.432        0.447        0.469     1.297e-23     8.303e-24     6.129e-24          0.463          0.482          0.508  9.439e-23  7.300e-23  6.049e-23       0.459       0.482       0.519
   169   0.096   -0.495    0.505     1.859e-23     1.298e-23     9.967e-24          0.426          0.437          0.458   2.121e-23   1.417e-23   1.053e-23        0.431        0.446        0.468     1.294e-23     8.287e-24     6.118e-24          0.462          0.481          0.507  9.420e-23  7.286e-23  6.038e-23       0.458       0.482       0.518
   170   0.087   -0.496    0.504     1.855e-23     1.295e-23     9.948e-24          0.425          0.436          0.457   2.117e-23   1.414e-23   1.051e-23        0.430        0.445        0.467     1.292e-23     8.273e-24     6.108e-24          0.462          0.480          0.506  9.403e-23  7.273e-23  6.029e-23       0.457       0.481       0.517
   171   0.079   -0.497    0.503     1.852e-23     1.293e-23     9.931e-24          0.424          0.436          0.456   2.113e-23   1.412e-23   1.049e-23        0.430        0.445        0.467     1.289e-23     8.260e-24     6.099e-24          0.461          0.479          0.506  9.387e-23  7.261e-23  6.020e-23       0.457       0.480       0.516
   172   0.070   -0.498    0.502     1.849e-23     1.291e-23     9.916e-24          0.423          0.435          0.456   2.110e-23   1.409e-23   1.048e-23        0.429        0.444        0.466     1.288e-23     8.248e-24     6.091e-24          0.460          0.479          0.505  9.373e-23  7.251e-23  6.012e-23       0.456       0.479       0.516
   173   0.061   -0.498    0.502     1.846e-23     1.289e-23     9.903e-24          0.423          0.434          0.455   2.107e-23   1.408e-23   1.046e-23        0.428        0.443        0.465     1.286e-23     8.238e-24     6.084e-24          0.459          0.478          0.504  9.360e-23  7.242e-23  6.005e-23       0.455       0.479       0.515
   174   0.052   -0.499    0.501     1.844e-23     1.287e-23     9.891e-24          0.422          0.434          0.455   2.104e-23   1.406e-23   1.045e-23        0.428        0.443        0.465     1.284e-23     8.229e-24     6.078e-24          0.459          0.478          0.504  9.350e-23  7.234e-23  5.999e-23       0.455       0.478       0.515
   175   0.044   -0.499    0.501     1.842e-23     1.286e-23     9.882e-24          0.422          0.433          0.454   2.102e-23   1.404e-23   1.044e-23        0.427        0.442        0.464     1.283e-23     8.221e-24     6.072e-24          0.458          0.477          0.503  9.340e-23  7.227e-23  5.994e-23       0.454       0.478       0.514
   176   0.035   -0.499    0.501     1.840e-23     1.285e-23     9.874e-24          0.421          0.433          0.454   2.100e-23   1.403e-23   1.043e-23        0.427        0.442        0.464     1.282e-23     8.215e-24     6.068e-24          0.458          0.477          0.503  9.333e-23  7.222e-23  5.990e-23       0.454       0.477       0.514
   177   0.026   -0.500    0.500     1.839e-23     1.284e-23     9.867e-24          0.421          0.433          0.453   2.099e-23   1.402e-23   1.043e-23        0.427        0.442        0.464     1.281e-23     8.211e-24     6.065e-24          0.458          0.477          0.503  9.327e-23  7.218e-23  5.987e-23       0.454       0.477       0.513
   178   0.017   -0.500    0.500     1.838e-23     1.284e-23     9.863e-24          0.421          0.433          0.453   2.098e-23   1.402e-23   1.042e-23        0.427        0.442        0.464     1.281e-23     8.207e-24     6.063e-24          0.458          0.476          0.503  9.323e-23  7.214e-23  5.985e-23       0.453       0.477       0.513
   179   0.009   -0.500    0.500     1.838e-23     1.283e-23     9.860e-24          0.421          0.432          0.453   2.097e-23   1.401e-23   1.042e-23        0.426        0.441        0.463     1.280e-23     8.205e-24     6.061e-24          0.457          0.476          0.502  9.321e-23  7.213e-23  5.983e-23       0.453       0.477       0.513
