# lambda albedo      g      Cext         K
   100.0 0.3633 0.9884 2.374e-22 2.665e+04
   100.6 0.3616 0.9883 2.378e-22 2.678e+04
   101.2 0.3598 0.9882 2.382e-22 2.690e+04
   101.7 0.3581 0.9881 2.386e-22 2.702e+04
   102.3 0.3563 0.9879 2.391e-22 2.714e+04
   102.9 0.3545 0.9878 2.395e-22 2.726e+04
   103.5 0.3524 0.9877 2.397e-22 2.738e+04
   104.1 0.3495 0.9877 2.397e-22 2.750e+04
   104.7 0.3464 0.9876 2.397e-22 2.763e+04
   105.3 0.3408 0.9876 2.388e-22 2.776e+04
   105.9 0.3295 0.9879 2.361e-22 2.792e+04
   106.5 0.3281 0.9877 2.367e-22 2.804e+04
   107.2 0.3511 0.9895 2.128e-22 2.435e+04
   107.8 0.3498 0.9894 2.134e-22 2.447e+04
   108.4 0.3621 0.9888 2.182e-22 2.455e+04
   109.0 0.3689 0.9884 2.214e-22 2.464e+04
   109.6 0.3704 0.9882 2.229e-22 2.475e+04
   110.3 0.3718 0.9879 2.244e-22 2.486e+04
   110.9 0.3729 0.9877 2.258e-22 2.497e+04
   111.6 0.3738 0.9875 2.271e-22 2.508e+04
   112.2 0.3746 0.9872 2.284e-22 2.519e+04
   112.8 0.3752 0.9870 2.296e-22 2.531e+04
   113.5 0.3756 0.9868 2.308e-22 2.542e+04
   114.2 0.3759 0.9865 2.319e-22 2.553e+04
   114.8 0.3760 0.9863 2.330e-22 2.564e+04
   115.5 0.3760 0.9861 2.340e-22 2.575e+04
   116.1 0.3759 0.9859 2.350e-22 2.587e+04
   116.8 0.3757 0.9857 2.359e-22 2.598e+04
   117.5 0.3753 0.9855 2.368e-22 2.609e+04
   118.2 0.3748 0.9853 2.377e-22 2.621e+04
   118.9 0.3743 0.9851 2.385e-22 2.632e+04
   119.5 0.3736 0.9849 2.393e-22 2.643e+04
   120.2 0.3728 0.9847 2.400e-22 2.655e+04
   120.9 0.3720 0.9845 2.407e-22 2.666e+04
   121.6 0.3711 0.9843 2.414e-22 2.677e+04
   122.3 0.3701 0.9841 2.420e-22 2.689e+04
   123.0 0.3690 0.9839 2.426e-22 2.700e+04
   123.7 0.3679 0.9837 2.432e-22 2.711e+04
   124.5 0.3667 0.9835 2.438e-22 2.723e+04
   125.2 0.3654 0.9834 2.443e-22 2.734e+04
   125.9 0.3640 0.9832 2.448e-22 2.746e+04
   126.6 0.3626 0.9830 2.453e-22 2.757e+04
   127.4 0.3611 0.9828 2.457e-22 2.769e+04
   128.1 0.3541 0.9830 2.442e-22 2.782e+04
   128.8 0.3641 0.9828 2.433e-22 2.728e+04
   129.6 0.3643 0.9826 2.443e-22 2.739e+04
   130.3 0.3646 0.9823 2.454e-22 2.749e+04
   131.1 0.3642 0.9821 2.462e-22 2.760e+04
   131.8 0.3631 0.9819 2.467e-22 2.771e+04
   132.6 0.3616 0.9817 2.472e-22 2.783e+04
   133.4 0.3598 0.9815 2.475e-22 2.794e+04
   134.1 0.3595 0.9813 2.483e-22 2.804e+04
   134.9 0.3653 0.9815 2.448e-22 2.740e+04
   135.7 0.3660 0.9812 2.460e-22 2.751e+04
   136.5 0.3665 0.9809 2.471e-22 2.761e+04
   137.2 0.3670 0.9806 2.482e-22 2.771e+04
   138.0 0.3671 0.9803 2.492e-22 2.782e+04
   138.8 0.3670 0.9800 2.501e-22 2.792e+04
   139.6 0.3668 0.9797 2.510e-22 2.803e+04
   140.4 0.3665 0.9794 2.518e-22 2.813e+04
   141.3 0.3663 0.9792 2.526e-22 2.824e+04
   142.1 0.3660 0.9789 2.535e-22 2.834e+04
   142.9 0.3656 0.9786 2.543e-22 2.845e+04
   143.7 0.3653 0.9783 2.551e-22 2.856e+04
   144.5 0.3649 0.9780 2.559e-22 2.866e+04
   145.4 0.3645 0.9778 2.567e-22 2.877e+04
   146.2 0.3641 0.9775 2.575e-22 2.888e+04
   147.1 0.3637 0.9772 2.582e-22 2.898e+04
   147.9 0.3632 0.9769 2.590e-22 2.909e+04
   148.8 0.3628 0.9766 2.598e-22 2.919e+04
   149.6 0.3623 0.9763 2.605e-22 2.930e+04
   150.5 0.3619 0.9761 2.613e-22 2.940e+04
   151.4 0.3614 0.9758 2.620e-22 2.951e+04
   152.2 0.3609 0.9755 2.628e-22 2.962e+04
   153.1 0.3604 0.9752 2.635e-22 2.972e+04
   154.0 0.3599 0.9749 2.642e-22 2.983e+04
   154.9 0.3594 0.9746 2.649e-22 2.993e+04
   155.8 0.3589 0.9743 2.657e-22 3.004e+04
   156.7 0.3584 0.9740 2.664e-22 3.014e+04
   157.6 0.3579 0.9737 2.671e-22 3.025e+04
   158.5 0.3574 0.9734 2.678e-22 3.036e+04
   159.4 0.3569 0.9731 2.686e-22 3.046e+04
   160.3 0.3564 0.9727 2.693e-22 3.057e+04
   161.3 0.3558 0.9724 2.700e-22 3.068e+04
   162.2 0.3553 0.9721 2.708e-22 3.079e+04
   163.1 0.3547 0.9718 2.715e-22 3.089e+04
   164.1 0.3542 0.9715 2.722e-22 3.100e+04
   165.0 0.3536 0.9712 2.729e-22 3.111e+04
   166.0 0.3531 0.9708 2.737e-22 3.122e+04
   166.9 0.3526 0.9705 2.744e-22 3.133e+04
   167.9 0.3521 0.9701 2.752e-22 3.144e+04
   168.8 0.3515 0.9698 2.759e-22 3.156e+04
   169.8 0.3509 0.9695 2.766e-22 3.167e+04
   170.8 0.3503 0.9691 2.774e-22 3.178e+04
   171.8 0.3496 0.9688 2.781e-22 3.190e+04
   172.8 0.3490 0.9685 2.789e-22 3.202e+04
   173.8 0.3483 0.9681 2.796e-22 3.213e+04
   174.8 0.3476 0.9678 2.803e-22 3.225e+04
   175.8 0.3469 0.9674 2.810e-22 3.237e+04
   176.8 0.3462 0.9671 2.817e-22 3.249e+04
   177.8 0.3453 0.9667 2.824e-22 3.261e+04
   178.9 0.3443 0.9664 2.831e-22 3.274e+04
   179.9 0.3433 0.9661 2.838e-22 3.286e+04
   180.9 0.3423 0.9658 2.844e-22 3.299e+04
   182.0 0.3412 0.9654 2.851e-22 3.312e+04
   183.0 0.3401 0.9651 2.857e-22 3.325e+04
   184.1 0.3390 0.9648 2.864e-22 3.338e+04
   185.1 0.3379 0.9645 2.870e-22 3.352e+04
   186.2 0.3367 0.9642 2.877e-22 3.365e+04
   187.3 0.3355 0.9638 2.883e-22 3.378e+04
   188.4 0.3335 0.9636 2.886e-22 3.393e+04
   189.5 0.3304 0.9635 2.886e-22 3.409e+04
   190.5 0.3372 0.9648 2.796e-22 3.268e+04
   191.6 0.3378 0.9643 2.807e-22 3.278e+04
   192.8 0.3385 0.9638 2.818e-22 3.288e+04
   193.9 0.3391 0.9632 2.829e-22 3.298e+04
   195.0 0.3396 0.9627 2.840e-22 3.308e+04
   196.1 0.3400 0.9622 2.851e-22 3.319e+04
   197.2 0.3403 0.9616 2.862e-22 3.330e+04
   198.4 0.3406 0.9611 2.872e-22 3.340e+04
   199.5 0.3408 0.9606 2.883e-22 3.352e+04
   200.7 0.3409 0.9601 2.893e-22 3.363e+04
   201.8 0.3410 0.9596 2.903e-22 3.374e+04
   203.0 0.3410 0.9590 2.913e-22 3.386e+04
   204.2 0.3410 0.9585 2.923e-22 3.397e+04
   205.4 0.3408 0.9580 2.932e-22 3.409e+04
   206.5 0.3407 0.9575 2.942e-22 3.421e+04
   207.7 0.3404 0.9570 2.951e-22 3.433e+04
   208.9 0.3402 0.9565 2.961e-22 3.445e+04
   210.1 0.3398 0.9560 2.970e-22 3.458e+04
   211.3 0.3395 0.9555 2.979e-22 3.470e+04
   212.6 0.3391 0.9550 2.988e-22 3.483e+04
   213.8 0.3386 0.9545 2.996e-22 3.495e+04
   215.0 0.3381 0.9540 3.005e-22 3.508e+04
   216.3 0.3377 0.9535 3.014e-22 3.521e+04
   217.5 0.3372 0.9530 3.023e-22 3.533e+04
   218.8 0.3367 0.9525 3.032e-22 3.546e+04
   220.0 0.3363 0.9520 3.040e-22 3.559e+04
   221.3 0.3358 0.9515 3.049e-22 3.572e+04
   222.6 0.3353 0.9509 3.058e-22 3.585e+04
   223.9 0.3347 0.9504 3.067e-22 3.598e+04
   225.2 0.3341 0.9499 3.075e-22 3.612e+04
   226.5 0.3332 0.9495 3.083e-22 3.626e+04
   227.8 0.3321 0.9490 3.091e-22 3.641e+04
   229.1 0.3311 0.9486 3.099e-22 3.656e+04
   230.4 0.3338 0.9487 3.073e-22 3.611e+04
   231.7 0.3342 0.9479 3.088e-22 3.626e+04
   233.1 0.3343 0.9471 3.103e-22 3.643e+04
   234.4 0.3343 0.9464 3.117e-22 3.659e+04
   235.8 0.3340 0.9457 3.130e-22 3.677e+04
   237.1 0.3335 0.9450 3.142e-22 3.693e+04
   238.5 0.3331 0.9443 3.154e-22 3.710e+04
   239.9 0.3326 0.9437 3.166e-22 3.727e+04
   241.3 0.3321 0.9430 3.178e-22 3.744e+04
   242.7 0.3316 0.9423 3.190e-22 3.761e+04
   244.1 0.3311 0.9417 3.202e-22 3.778e+04
   245.5 0.3305 0.9410 3.214e-22 3.795e+04
   246.9 0.3299 0.9403 3.226e-22 3.812e+04
   248.3 0.3294 0.9397 3.238e-22 3.829e+04
   249.7 0.3288 0.9390 3.250e-22 3.847e+04
   251.2 0.3282 0.9383 3.261e-22 3.864e+04
   252.6 0.3276 0.9376 3.273e-22 3.882e+04
   254.1 0.3269 0.9370 3.285e-22 3.899e+04
   255.6 0.3263 0.9363 3.296e-22 3.917e+04
   257.0 0.3256 0.9356 3.308e-22 3.934e+04
   258.5 0.3250 0.9349 3.320e-22 3.952e+04
   260.0 0.3243 0.9343 3.332e-22 3.970e+04
   261.5 0.3237 0.9336 3.343e-22 3.988e+04
   263.0 0.3230 0.9329 3.355e-22 4.006e+04
   264.5 0.3223 0.9322 3.367e-22 4.024e+04
   266.1 0.3216 0.9315 3.378e-22 4.042e+04
   267.6 0.3209 0.9308 3.390e-22 4.060e+04
   269.2 0.3202 0.9301 3.402e-22 4.078e+04
   270.7 0.3196 0.9294 3.413e-22 4.096e+04
   272.3 0.3189 0.9287 3.425e-22 4.114e+04
   273.8 0.3182 0.9280 3.436e-22 4.132e+04
   275.4 0.3175 0.9273 3.448e-22 4.150e+04
   277.0 0.3168 0.9266 3.459e-22 4.168e+04
   278.6 0.3162 0.9259 3.471e-22 4.186e+04
   280.2 0.3155 0.9252 3.482e-22 4.204e+04
   281.8 0.3148 0.9245 3.494e-22 4.222e+04
   283.5 0.3141 0.9237 3.505e-22 4.240e+04
   285.1 0.3134 0.9230 3.517e-22 4.259e+04
   286.7 0.3127 0.9223 3.529e-22 4.277e+04
   288.4 0.3120 0.9215 3.540e-22 4.296e+04
   290.1 0.3113 0.9208 3.552e-22 4.315e+04
   291.7 0.3106 0.9201 3.564e-22 4.333e+04
   293.4 0.3099 0.9193 3.576e-22 4.352e+04
   295.1 0.3092 0.9186 3.587e-22 4.371e+04
   296.8 0.3084 0.9179 3.599e-22 4.390e+04
   298.5 0.3077 0.9171 3.611e-22 4.409e+04
   300.3 0.3070 0.9164 3.623e-22 4.428e+04
   302.0 0.3063 0.9156 3.635e-22 4.447e+04
   303.7 0.3056 0.9149 3.646e-22 4.466e+04
   305.5 0.3049 0.9141 3.658e-22 4.485e+04
   307.3 0.3042 0.9134 3.670e-22 4.504e+04
   309.0 0.3035 0.9126 3.682e-22 4.523e+04
   310.8 0.3028 0.9118 3.694e-22 4.542e+04
   312.6 0.3021 0.9111 3.706e-22 4.561e+04
   314.4 0.3015 0.9103 3.717e-22 4.580e+04
   316.2 0.3008 0.9095 3.729e-22 4.599e+04
   318.1 0.3001 0.9087 3.741e-22 4.618e+04
   319.9 0.2994 0.9080 3.753e-22 4.637e+04
   321.7 0.2987 0.9072 3.765e-22 4.656e+04
   323.6 0.2981 0.9064 3.777e-22 4.675e+04
   325.5 0.2974 0.9056 3.789e-22 4.694e+04
   327.3 0.2967 0.9048 3.800e-22 4.714e+04
   329.2 0.2961 0.9041 3.812e-22 4.733e+04
   331.1 0.2954 0.9033 3.824e-22 4.752e+04
   333.0 0.2947 0.9025 3.835e-22 4.771e+04
   335.0 0.2940 0.9017 3.847e-22 4.790e+04
   336.9 0.2934 0.9009 3.859e-22 4.809e+04
   338.8 0.2927 0.9001 3.871e-22 4.828e+04
   340.8 0.2921 0.8993 3.883e-22 4.848e+04
   342.8 0.2914 0.8985 3.894e-22 4.867e+04
   344.7 0.2907 0.8977 3.906e-22 4.886e+04
   346.7 0.2901 0.8969 3.918e-22 4.905e+04
   348.7 0.2894 0.8961 3.930e-22 4.925e+04
   350.8 0.2888 0.8953 3.942e-22 4.944e+04
   352.8 0.2882 0.8945 3.953e-22 4.963e+04
   354.8 0.2875 0.8937 3.965e-22 4.983e+04
   356.9 0.2867 0.8930 3.979e-22 5.005e+04
   358.9 0.2861 0.8922 3.990e-22 5.024e+04
   361.0 0.2855 0.8915 4.001e-22 5.042e+04
   363.1 0.2850 0.8907 4.010e-22 5.057e+04
   365.2 0.2847 0.8900 4.017e-22 5.068e+04
   367.3 0.2848 0.8893 4.019e-22 5.069e+04
   369.4 0.2849 0.8885 4.020e-22 5.070e+04
   371.5 0.2851 0.8878 4.020e-22 5.069e+04
   373.7 0.2853 0.8870 4.020e-22 5.068e+04
   375.8 0.2855 0.8862 4.020e-22 5.065e+04
   378.0 0.2856 0.8853 4.023e-22 5.069e+04
   380.2 0.2856 0.8844 4.027e-22 5.074e+04
   382.4 0.2855 0.8835 4.032e-22 5.080e+04
   384.6 0.2855 0.8826 4.037e-22 5.088e+04
   386.8 0.2854 0.8816 4.043e-22 5.096e+04
   389.0 0.2852 0.8806 4.050e-22 5.105e+04
   391.3 0.2851 0.8796 4.056e-22 5.115e+04
   393.6 0.2849 0.8786 4.064e-22 5.125e+04
   395.8 0.2847 0.8776 4.072e-22 5.137e+04
   398.1 0.2844 0.8766 4.080e-22 5.149e+04
   400.4 0.2842 0.8755 4.088e-22 5.161e+04
   402.7 0.2839 0.8745 4.097e-22 5.174e+04
   405.0 0.2837 0.8734 4.106e-22 5.188e+04
   407.4 0.2834 0.8724 4.116e-22 5.202e+04
   409.7 0.2830 0.8713 4.126e-22 5.217e+04
   412.1 0.2827 0.8702 4.136e-22 5.232e+04
   414.5 0.2824 0.8690 4.146e-22 5.247e+04
   416.9 0.2821 0.8678 4.156e-22 5.262e+04
   419.3 0.2818 0.8667 4.168e-22 5.279e+04
   421.7 0.2814 0.8655 4.180e-22 5.297e+04
   424.1 0.2810 0.8643 4.192e-22 5.316e+04
   426.6 0.2805 0.8630 4.206e-22 5.336e+04
   429.0 0.2799 0.8618 4.221e-22 5.361e+04
   431.5 0.2792 0.8606 4.239e-22 5.389e+04
   434.0 0.2785 0.8594 4.257e-22 5.417e+04
   436.5 0.2777 0.8582 4.275e-22 5.445e+04
   439.0 0.2770 0.8570 4.293e-22 5.474e+04
   441.6 0.2762 0.8557 4.312e-22 5.504e+04
   444.1 0.2756 0.8545 4.329e-22 5.530e+04
   446.7 0.2751 0.8532 4.344e-22 5.554e+04
   449.3 0.2746 0.8519 4.360e-22 5.578e+04
   451.9 0.2741 0.8507 4.376e-22 5.602e+04
   454.5 0.2736 0.8494 4.393e-22 5.627e+04
   457.1 0.2731 0.8480 4.409e-22 5.652e+04
   459.7 0.2726 0.8467 4.427e-22 5.678e+04
   462.4 0.2720 0.8454 4.446e-22 5.709e+04
   465.1 0.2713 0.8440 4.466e-22 5.739e+04
   467.7 0.2707 0.8426 4.487e-22 5.771e+04
   470.4 0.2701 0.8412 4.507e-22 5.802e+04
   473.2 0.2695 0.8398 4.529e-22 5.835e+04
   475.9 0.2688 0.8383 4.550e-22 5.867e+04
   478.6 0.2683 0.8369 4.571e-22 5.899e+04
   481.4 0.2678 0.8354 4.591e-22 5.929e+04
   484.2 0.2673 0.8339 4.612e-22 5.960e+04
   487.0 0.2668 0.8323 4.634e-22 5.992e+04
   489.8 0.2664 0.8307 4.655e-22 6.023e+04
   492.6 0.2659 0.8291 4.677e-22 6.055e+04
   495.5 0.2655 0.8275 4.700e-22 6.088e+04
   498.3 0.2651 0.8259 4.722e-22 6.121e+04
   501.2 0.2646 0.8242 4.746e-22 6.155e+04
   504.1 0.2642 0.8224 4.770e-22 6.190e+04
   507.0 0.2638 0.8207 4.795e-22 6.226e+04
   509.9 0.2635 0.8188 4.821e-22 6.262e+04
   512.9 0.2631 0.8169 4.847e-22 6.299e+04
   515.8 0.2628 0.8150 4.874e-22 6.337e+04
   518.8 0.2625 0.8130 4.901e-22 6.375e+04
   521.8 0.2622 0.8110 4.929e-22 6.414e+04
   524.8 0.2619 0.8088 4.958e-22 6.454e+04
   527.8 0.2617 0.8066 4.988e-22 6.495e+04
   530.9 0.2614 0.8044 5.020e-22 6.539e+04
   533.9 0.2612 0.8020 5.053e-22 6.583e+04
   537.0 0.2610 0.7996 5.087e-22 6.629e+04
   540.1 0.2606 0.7973 5.121e-22 6.677e+04
   543.3 0.2600 0.7952 5.155e-22 6.728e+04
   546.4 0.2596 0.7928 5.192e-22 6.781e+04
   549.5 0.2592 0.7902 5.232e-22 6.836e+04
   552.7 0.2591 0.7873 5.275e-22 6.893e+04
   555.9 0.2590 0.7841 5.321e-22 6.953e+04
   559.1 0.2592 0.7808 5.369e-22 7.015e+04
   562.3 0.2594 0.7771 5.419e-22 7.078e+04
   565.6 0.2611 0.7725 5.464e-22 7.120e+04
   568.9 0.2635 0.7671 5.510e-22 7.157e+04
   572.1 0.2657 0.7614 5.564e-22 7.206e+04
   575.4 0.2676 0.7555 5.626e-22 7.266e+04
   578.8 0.2693 0.7494 5.694e-22 7.337e+04
   582.1 0.2661 0.7487 5.822e-22 7.535e+04
   585.5 0.2656 0.7421 5.941e-22 7.695e+04
   588.8 0.2651 0.7354 6.067e-22 7.864e+04
   592.2 0.2633 0.7282 6.227e-22 8.091e+04
   595.7 0.2604 0.7211 6.415e-22 8.367e+04
   599.1 0.2574 0.7142 6.607e-22 8.653e+04
   602.6 0.2543 0.7076 6.803e-22 8.947e+04
   606.0 0.2511 0.7013 7.004e-22 9.251e+04
   609.5 0.2479 0.6952 7.211e-22 9.565e+04
   613.1 0.2445 0.6892 7.423e-22 9.890e+04
   616.6 0.2412 0.6835 7.641e-22 1.023e+05
   620.2 0.2379 0.6780 7.863e-22 1.057e+05
   623.7 0.2341 0.6745 8.056e-22 1.088e+05
   627.3 0.2305 0.6714 8.244e-22 1.119e+05
   631.0 0.2270 0.6685 8.426e-22 1.149e+05
   634.6 0.2236 0.6659 8.603e-22 1.178e+05
   638.3 0.2204 0.6635 8.774e-22 1.206e+05
   641.9 0.2173 0.6614 8.938e-22 1.234e+05
   645.7 0.2144 0.6595 9.095e-22 1.260e+05
   649.4 0.2116 0.6579 9.244e-22 1.285e+05
   653.1 0.2089 0.6564 9.384e-22 1.309e+05
   656.9 0.2066 0.6550 9.510e-22 1.331e+05
   660.7 0.2044 0.6537 9.630e-22 1.351e+05
   664.5 0.2023 0.6525 9.744e-22 1.371e+05
   668.3 0.2005 0.6514 9.841e-22 1.388e+05
   672.2 0.1987 0.6504 9.942e-22 1.405e+05
   676.1 0.1969 0.6495 1.004e-21 1.422e+05
   680.0 0.1951 0.6486 1.013e-21 1.438e+05
   683.9 0.1935 0.6479 1.022e-21 1.453e+05
   687.9 0.1919 0.6473 1.030e-21 1.468e+05
   691.8 0.1904 0.6465 1.037e-21 1.481e+05
   695.8 0.1891 0.6458 1.045e-21 1.494e+05
   699.8 0.1879 0.6452 1.051e-21 1.505e+05
   703.9 0.1869 0.6445 1.056e-21 1.514e+05
   707.9 0.1861 0.6439 1.060e-21 1.522e+05
   712.0 0.1855 0.6434 1.063e-21 1.527e+05
   716.1 0.1852 0.6429 1.064e-21 1.529e+05
   720.3 0.1850 0.6424 1.064e-21 1.530e+05
   724.4 0.1851 0.6420 1.063e-21 1.527e+05
   728.6 0.1855 0.6416 1.059e-21 1.522e+05
   732.8 0.1906 0.6228 1.096e-21 1.565e+05
   737.1 0.1912 0.6241 1.086e-21 1.549e+05
   741.3 0.1919 0.6254 1.075e-21 1.532e+05
   745.6 0.1928 0.6268 1.062e-21 1.513e+05
   749.9 0.1937 0.6283 1.049e-21 1.492e+05
   754.2 0.1948 0.6298 1.036e-21 1.471e+05
   758.6 0.1959 0.6315 1.021e-21 1.448e+05
   763.0 0.1971 0.6333 1.007e-21 1.426e+05
   767.4 0.1982 0.6351 9.924e-22 1.403e+05
   771.8 0.1993 0.6371 9.777e-22 1.381e+05
   776.2 0.2006 0.6388 9.637e-22 1.359e+05
   780.7 0.2024 0.6395 9.513e-22 1.338e+05
   785.2 0.2041 0.6402 9.392e-22 1.318e+05
   789.8 0.2059 0.6409 9.275e-22 1.299e+05
   794.3 0.2076 0.6416 9.160e-22 1.280e+05
   798.9 0.2093 0.6423 9.050e-22 1.262e+05
   803.5 0.2109 0.6430 8.943e-22 1.245e+05
   808.2 0.2125 0.6437 8.839e-22 1.228e+05
   812.8 0.2141 0.6443 8.739e-22 1.211e+05
   817.5 0.2156 0.6450 8.642e-22 1.196e+05
   822.2 0.2170 0.6457 8.548e-22 1.180e+05
   827.0 0.2184 0.6464 8.459e-22 1.166e+05
   831.8 0.2194 0.6470 8.380e-22 1.154e+05
   836.6 0.2204 0.6476 8.305e-22 1.142e+05
   841.4 0.2213 0.6481 8.234e-22 1.131e+05
   846.3 0.2222 0.6486 8.166e-22 1.120e+05
   851.1 0.2229 0.6491 8.102e-22 1.110e+05
   856.1 0.2235 0.6495 8.042e-22 1.101e+05
   861.0 0.2241 0.6500 7.984e-22 1.093e+05
   866.0 0.2246 0.6504 7.929e-22 1.084e+05
   871.0 0.2250 0.6508 7.877e-22 1.077e+05
   876.0 0.2253 0.6511 7.827e-22 1.069e+05
   881.0 0.2255 0.6515 7.780e-22 1.063e+05
   886.1 0.2258 0.6516 7.738e-22 1.056e+05
   891.3 0.2272 0.6496 7.716e-22 1.052e+05
   896.4 0.2287 0.6474 7.699e-22 1.047e+05
   901.6 0.2303 0.6449 7.685e-22 1.043e+05
   906.8 0.2320 0.6421 7.675e-22 1.039e+05
   912.0 0.2338 0.6391 7.665e-22 1.036e+05
   917.3 0.2355 0.6376 7.630e-22 1.029e+05
   922.6 0.2372 0.6363 7.591e-22 1.021e+05
   927.9 0.2389 0.6352 7.547e-22 1.013e+05
   933.3 0.2406 0.6343 7.501e-22 1.005e+05
   938.6 0.2422 0.6335 7.455e-22 9.963e+04
   944.1 0.2438 0.6327 7.408e-22 9.880e+04
   949.5 0.2453 0.6321 7.360e-22 9.796e+04
   955.0 0.2468 0.6316 7.311e-22 9.712e+04
   960.5 0.2483 0.6312 7.262e-22 9.628e+04
   966.1 0.2498 0.6308 7.213e-22 9.543e+04
   971.6 0.2513 0.6304 7.164e-22 9.459e+04
   977.2 0.2528 0.6301 7.115e-22 9.376e+04
   982.9 0.2543 0.6297 7.067e-22 9.294e+04
   988.6 0.2558 0.6294 7.018e-22 9.212e+04
   994.3 0.2573 0.6292 6.970e-22 9.130e+04
  1000.0 0.2590 0.6289 6.917e-22 9.041e+04
  1006.0 0.2608 0.6285 6.866e-22 8.952e+04
  1012.0 0.2626 0.6281 6.813e-22 8.861e+04
  1017.0 0.2644 0.6279 6.759e-22 8.769e+04
  1023.0 0.2663 0.6278 6.703e-22 8.674e+04
  1029.0 0.2682 0.6281 6.641e-22 8.571e+04
  1035.0 0.2701 0.6286 6.577e-22 8.466e+04
  1041.0 0.2720 0.6292 6.513e-22 8.363e+04
  1047.0 0.2738 0.6299 6.449e-22 8.260e+04
  1053.0 0.2755 0.6308 6.388e-22 8.162e+04
  1059.0 0.2769 0.6316 6.329e-22 8.070e+04
  1065.0 0.2784 0.6324 6.271e-22 7.981e+04
  1072.0 0.2797 0.6333 6.215e-22 7.895e+04
  1078.0 0.2811 0.6341 6.160e-22 7.811e+04
  1084.0 0.2825 0.6348 6.108e-22 7.729e+04
  1090.0 0.2838 0.6355 6.056e-22 7.649e+04
  1096.0 0.2852 0.6360 6.006e-22 7.571e+04
  1103.0 0.2866 0.6366 5.957e-22 7.494e+04
  1109.0 0.2880 0.6371 5.909e-22 7.420e+04
  1116.0 0.2894 0.6376 5.862e-22 7.346e+04
  1122.0 0.2908 0.6380 5.816e-22 7.274e+04
  1128.0 0.2922 0.6385 5.771e-22 7.203e+04
  1135.0 0.2937 0.6389 5.726e-22 7.133e+04
  1142.0 0.2951 0.6393 5.682e-22 7.064e+04
  1148.0 0.2965 0.6396 5.639e-22 6.997e+04
  1155.0 0.2980 0.6399 5.597e-22 6.930e+04
  1161.0 0.2994 0.6402 5.556e-22 6.864e+04
  1168.0 0.3009 0.6404 5.515e-22 6.800e+04
  1175.0 0.3024 0.6406 5.475e-22 6.736e+04
  1182.0 0.3038 0.6408 5.435e-22 6.673e+04
  1189.0 0.3053 0.6409 5.396e-22 6.611e+04
  1195.0 0.3069 0.6410 5.358e-22 6.549e+04
  1202.0 0.3084 0.6411 5.320e-22 6.489e+04
  1209.0 0.3099 0.6412 5.282e-22 6.429e+04
  1216.0 0.3114 0.6412 5.246e-22 6.370e+04
  1223.0 0.3130 0.6413 5.210e-22 6.312e+04
  1230.0 0.3145 0.6412 5.174e-22 6.255e+04
  1237.0 0.3161 0.6412 5.139e-22 6.199e+04
  1245.0 0.3177 0.6412 5.105e-22 6.143e+04
  1252.0 0.3192 0.6411 5.071e-22 6.088e+04
  1259.0 0.3208 0.6410 5.038e-22 6.034e+04
  1266.0 0.3224 0.6408 5.005e-22 5.981e+04
  1274.0 0.3241 0.6407 4.973e-22 5.928e+04
  1281.0 0.3257 0.6405 4.941e-22 5.876e+04
  1288.0 0.3273 0.6403 4.910e-22 5.825e+04
  1296.0 0.3290 0.6401 4.879e-22 5.774e+04
  1303.0 0.3312 0.6398 4.842e-22 5.711e+04
  1311.0 0.3327 0.6395 4.813e-22 5.664e+04
  1318.0 0.3343 0.6392 4.786e-22 5.618e+04
  1326.0 0.3360 0.6388 4.759e-22 5.573e+04
  1334.0 0.3376 0.6384 4.732e-22 5.528e+04
  1341.0 0.3393 0.6380 4.706e-22 5.484e+04
  1349.0 0.3409 0.6375 4.680e-22 5.440e+04
  1357.0 0.3427 0.6370 4.655e-22 5.397e+04
  1365.0 0.3444 0.6364 4.631e-22 5.354e+04
  1372.0 0.3462 0.6358 4.607e-22 5.312e+04
  1380.0 0.3480 0.6351 4.583e-22 5.271e+04
  1388.0 0.3498 0.6344 4.560e-22 5.229e+04
  1396.0 0.3518 0.6336 4.538e-22 5.188e+04
  1404.0 0.3538 0.6327 4.516e-22 5.147e+04
  1413.0 0.3559 0.6317 4.495e-22 5.105e+04
  1421.0 0.3584 0.6305 4.473e-22 5.061e+04
  1429.0 0.3611 0.6293 4.450e-22 5.015e+04
  1437.0 0.3641 0.6282 4.426e-22 4.964e+04
  1445.0 0.3675 0.6270 4.400e-22 4.908e+04
  1454.0 0.3711 0.6260 4.373e-22 4.850e+04
  1462.0 0.3748 0.6252 4.344e-22 4.789e+04
  1471.0 0.3787 0.6245 4.314e-22 4.727e+04
  1479.0 0.3826 0.6238 4.284e-22 4.664e+04
  1488.0 0.3866 0.6233 4.253e-22 4.602e+04
  1496.0 0.3908 0.6228 4.221e-22 4.535e+04
  1505.0 0.3953 0.6223 4.190e-22 4.468e+04
  1514.0 0.3997 0.6218 4.158e-22 4.402e+04
  1522.0 0.4043 0.6213 4.127e-22 4.336e+04
  1531.0 0.4089 0.6208 4.096e-22 4.270e+04
  1540.0 0.4137 0.6203 4.065e-22 4.204e+04
  1549.0 0.4185 0.6197 4.035e-22 4.138e+04
  1558.0 0.4233 0.6191 4.005e-22 4.074e+04
  1567.0 0.4281 0.6185 3.976e-22 4.011e+04
  1576.0 0.4330 0.6179 3.947e-22 3.947e+04
  1585.0 0.4380 0.6172 3.919e-22 3.885e+04
  1594.0 0.4430 0.6165 3.891e-22 3.822e+04
  1603.0 0.4481 0.6157 3.863e-22 3.760e+04
  1613.0 0.4533 0.6148 3.837e-22 3.699e+04
  1622.0 0.4586 0.6138 3.811e-22 3.639e+04
  1631.0 0.4638 0.6127 3.785e-22 3.580e+04
  1641.0 0.4692 0.6117 3.761e-22 3.521e+04
  1650.0 0.4745 0.6105 3.737e-22 3.463e+04
  1660.0 0.4797 0.6094 3.714e-22 3.408e+04
  1669.0 0.4849 0.6083 3.692e-22 3.354e+04
  1679.0 0.4900 0.6070 3.670e-22 3.301e+04
  1688.0 0.4952 0.6058 3.649e-22 3.249e+04
  1698.0 0.5004 0.6044 3.629e-22 3.198e+04
  1708.0 0.5054 0.6032 3.610e-22 3.149e+04
  1718.0 0.5104 0.6019 3.591e-22 3.101e+04
  1728.0 0.5154 0.6005 3.573e-22 3.053e+04
  1738.0 0.5204 0.5992 3.556e-22 3.007e+04
  1748.0 0.5254 0.5978 3.539e-22 2.963e+04
  1758.0 0.5302 0.5964 3.524e-22 2.919e+04
  1768.0 0.5350 0.5949 3.509e-22 2.878e+04
  1778.0 0.5397 0.5934 3.495e-22 2.837e+04
  1789.0 0.5443 0.5919 3.481e-22 2.798e+04
  1799.0 0.5488 0.5904 3.468e-22 2.760e+04
  1809.0 0.5531 0.5891 3.456e-22 2.724e+04
  1820.0 0.5573 0.5878 3.444e-22 2.689e+04
  1830.0 0.5613 0.5865 3.434e-22 2.657e+04
  1841.0 0.5650 0.5853 3.425e-22 2.628e+04
  1851.0 0.5684 0.5841 3.418e-22 2.602e+04
  1862.0 0.5714 0.5829 3.412e-22 2.579e+04
  1873.0 0.5742 0.5815 3.407e-22 2.559e+04
  1884.0 0.5767 0.5803 3.403e-22 2.541e+04
  1895.0 0.5789 0.5791 3.399e-22 2.524e+04
  1905.0 0.5812 0.5780 3.396e-22 2.508e+04
  1916.0 0.5834 0.5769 3.393e-22 2.493e+04
  1928.0 0.5854 0.5761 3.392e-22 2.480e+04
  1939.0 0.5869 0.5753 3.392e-22 2.471e+04
  1950.0 0.5880 0.5745 3.396e-22 2.467e+04
  1961.0 0.5887 0.5736 3.401e-22 2.467e+04
  1972.0 0.5889 0.5725 3.408e-22 2.471e+04
  1984.0 0.5888 0.5714 3.416e-22 2.477e+04
  1995.0 0.5885 0.5702 3.425e-22 2.485e+04
  2007.0 0.5879 0.5692 3.433e-22 2.495e+04
  2018.0 0.5872 0.5685 3.441e-22 2.505e+04
  2030.0 0.5863 0.5681 3.449e-22 2.516e+04
  2042.0 0.5852 0.5681 3.457e-22 2.529e+04
  2054.0 0.5838 0.5681 3.466e-22 2.544e+04
  2065.0 0.5822 0.5680 3.477e-22 2.563e+04
  2077.0 0.5804 0.5678 3.489e-22 2.582e+04
  2089.0 0.5786 0.5674 3.500e-22 2.602e+04
  2101.0 0.5768 0.5669 3.509e-22 2.619e+04
  2113.0 0.5756 0.5662 3.515e-22 2.631e+04
  2126.0 0.5747 0.5655 3.517e-22 2.638e+04
  2138.0 0.5743 0.5651 3.514e-22 2.639e+04
  2150.0 0.5742 0.5653 3.506e-22 2.633e+04
  2163.0 0.5746 0.5659 3.493e-22 2.621e+04
  2175.0 0.5754 0.5667 3.478e-22 2.604e+04
  2188.0 0.5767 0.5675 3.460e-22 2.583e+04
  2200.0 0.5784 0.5682 3.439e-22 2.557e+04
  2213.0 0.5804 0.5687 3.415e-22 2.527e+04
  2226.0 0.5826 0.5691 3.389e-22 2.494e+04
  2239.0 0.5852 0.5693 3.359e-22 2.457e+04
  2252.0 0.5882 0.5694 3.325e-22 2.415e+04
  2265.0 0.5914 0.5696 3.288e-22 2.370e+04
  2278.0 0.5950 0.5699 3.249e-22 2.321e+04
  2291.0 0.5990 0.5706 3.208e-22 2.269e+04
  2304.0 0.6033 0.5715 3.167e-22 2.215e+04
  2317.0 0.6078 0.5725 3.126e-22 2.162e+04
  2331.0 0.6124 0.5734 3.087e-22 2.110e+04
  2344.0 0.6170 0.5741 3.049e-22 2.059e+04
  2358.0 0.6216 0.5747 3.012e-22 2.010e+04
  2371.0 0.6261 0.5750 2.977e-22 1.963e+04
  2385.0 0.6304 0.5752 2.943e-22 1.918e+04
  2399.0 0.6346 0.5751 2.910e-22 1.875e+04
  2413.0 0.6386 0.5750 2.876e-22 1.833e+04
  2427.0 0.6425 0.5750 2.843e-22 1.792e+04
  2441.0 0.6464 0.5751 2.810e-22 1.752e+04
  2455.0 0.6502 0.5756 2.778e-22 1.714e+04
  2469.0 0.6538 0.5762 2.747e-22 1.677e+04
  2483.0 0.6573 0.5768 2.719e-22 1.643e+04
  2497.0 0.6606 0.5774 2.692e-22 1.612e+04
  2512.0 0.6637 0.5780 2.667e-22 1.582e+04
  2526.0 0.6666 0.5784 2.643e-22 1.554e+04
  2541.0 0.6694 0.5787 2.621e-22 1.528e+04
  2556.0 0.6718 0.5788 2.600e-22 1.505e+04
  2570.0 0.6742 0.5788 2.579e-22 1.482e+04
  2585.0 0.6763 0.5787 2.558e-22 1.460e+04
  2600.0 0.6784 0.5786 2.536e-22 1.438e+04
  2615.0 0.6805 0.5788 2.515e-22 1.417e+04
  2630.0 0.6825 0.5791 2.494e-22 1.396e+04
  2645.0 0.6845 0.5796 2.474e-22 1.376e+04
  2661.0 0.6863 0.5802 2.455e-22 1.358e+04
  2676.0 0.6880 0.5808 2.438e-22 1.341e+04
  2692.0 0.6897 0.5813 2.422e-22 1.325e+04
  2707.0 0.6913 0.5818 2.406e-22 1.310e+04
  2723.0 0.6927 0.5822 2.391e-22 1.296e+04
  2738.0 0.6941 0.5824 2.377e-22 1.283e+04
  2754.0 0.6952 0.5825 2.364e-22 1.270e+04
  2770.0 0.6964 0.5825 2.350e-22 1.258e+04
  2786.0 0.6974 0.5825 2.335e-22 1.246e+04
  2802.0 0.6985 0.5826 2.320e-22 1.234e+04
  2818.0 0.6996 0.5829 2.305e-22 1.221e+04
  2835.0 0.7006 0.5834 2.290e-22 1.209e+04
  2851.0 0.7017 0.5840 2.276e-22 1.198e+04
  2867.0 0.7026 0.5846 2.263e-22 1.187e+04
  2884.0 0.7035 0.5853 2.251e-22 1.177e+04
  2901.0 0.7044 0.5859 2.240e-22 1.168e+04
  2917.0 0.7052 0.5864 2.229e-22 1.159e+04
  2934.0 0.7060 0.5868 2.219e-22 1.150e+04
  2951.0 0.7066 0.5871 2.208e-22 1.143e+04
  2968.0 0.7073 0.5872 2.198e-22 1.135e+04
  2985.0 0.7078 0.5873 2.187e-22 1.127e+04
  3003.0 0.7084 0.5875 2.176e-22 1.119e+04
  3020.0 0.7090 0.5877 2.164e-22 1.110e+04
  3037.0 0.7100 0.5881 2.151e-22 1.100e+04
  3055.0 0.7111 0.5887 2.138e-22 1.089e+04
  3073.0 0.7123 0.5894 2.125e-22 1.078e+04
  3090.0 0.7135 0.5901 2.113e-22 1.068e+04
  3108.0 0.7147 0.5907 2.102e-22 1.058e+04
  3126.0 0.7158 0.5914 2.091e-22 1.048e+04
  3144.0 0.7169 0.5919 2.080e-22 1.038e+04
  3162.0 0.7180 0.5924 2.069e-22 1.029e+04
  3181.0 0.7191 0.5927 2.059e-22 1.020e+04
  3199.0 0.7202 0.5929 2.048e-22 1.011e+04
  3217.0 0.7212 0.5931 2.037e-22 1.001e+04
  3236.0 0.7223 0.5934 2.025e-22 9.915e+03
  3255.0 0.7235 0.5937 2.012e-22 9.814e+03
  3273.0 0.7246 0.5942 2.000e-22 9.712e+03
  3292.0 0.7259 0.5948 1.988e-22 9.610e+03
  3311.0 0.7271 0.5954 1.976e-22 9.512e+03
  3330.0 0.7282 0.5961 1.965e-22 9.417e+03
  3350.0 0.7294 0.5968 1.954e-22 9.326e+03
  3369.0 0.7305 0.5974 1.944e-22 9.238e+03
  3388.0 0.7316 0.5979 1.934e-22 9.153e+03
  3408.0 0.7327 0.5983 1.924e-22 9.070e+03
  3428.0 0.7337 0.5986 1.914e-22 8.986e+03
  3447.0 0.7348 0.5988 1.903e-22 8.902e+03
  3467.0 0.7359 0.5990 1.892e-22 8.816e+03
  3487.0 0.7370 0.5992 1.881e-22 8.727e+03
  3508.0 0.7381 0.5995 1.870e-22 8.636e+03
  3528.0 0.7393 0.5999 1.858e-22 8.544e+03
  3548.0 0.7404 0.6003 1.846e-22 8.452e+03
  3569.0 0.7416 0.6008 1.835e-22 8.363e+03
  3589.0 0.7428 0.6014 1.824e-22 8.276e+03
  3610.0 0.7439 0.6019 1.814e-22 8.192e+03
  3631.0 0.7451 0.6024 1.804e-22 8.111e+03
  3652.0 0.7461 0.6028 1.794e-22 8.032e+03
  3673.0 0.7472 0.6031 1.784e-22 7.955e+03
  3694.0 0.7482 0.6034 1.774e-22 7.878e+03
  3715.0 0.7492 0.6036 1.764e-22 7.801e+03
  3737.0 0.7502 0.6037 1.753e-22 7.723e+03
  3758.0 0.7512 0.6039 1.742e-22 7.643e+03
  3780.0 0.7523 0.6041 1.731e-22 7.563e+03
  3802.0 0.7534 0.6043 1.720e-22 7.482e+03
  3824.0 0.7544 0.6046 1.709e-22 7.401e+03
  3846.0 0.7555 0.6049 1.698e-22 7.322e+03
  3868.0 0.7565 0.6053 1.687e-22 7.245e+03
  3890.0 0.7575 0.6056 1.677e-22 7.170e+03
  3913.0 0.7585 0.6059 1.667e-22 7.097e+03
  3936.0 0.7595 0.6062 1.657e-22 7.027e+03
  3958.0 0.7604 0.6064 1.647e-22 6.957e+03
  3981.0 0.7614 0.6065 1.637e-22 6.888e+03
  4004.0 0.7623 0.6066 1.626e-22 6.819e+03
  4027.0 0.7632 0.6067 1.616e-22 6.750e+03
  4050.0 0.7641 0.6067 1.606e-22 6.681e+03
  4074.0 0.7650 0.6067 1.595e-22 6.611e+03
  4097.0 0.7659 0.6068 1.584e-22 6.541e+03
  4121.0 0.7668 0.6069 1.573e-22 6.472e+03
  4145.0 0.7677 0.6070 1.563e-22 6.403e+03
  4169.0 0.7686 0.6071 1.552e-22 6.336e+03
  4193.0 0.7694 0.6073 1.542e-22 6.270e+03
  4217.0 0.7703 0.6074 1.532e-22 6.206e+03
  4241.0 0.7711 0.6074 1.521e-22 6.142e+03
  4266.0 0.7719 0.6075 1.511e-22 6.081e+03
  4290.0 0.7727 0.6075 1.501e-22 6.020e+03
  4315.0 0.7734 0.6074 1.491e-22 5.959e+03
  4340.0 0.7741 0.6074 1.481e-22 5.899e+03
  4365.0 0.7749 0.6072 1.471e-22 5.840e+03
  4390.0 0.7756 0.6071 1.460e-22 5.780e+03
  4416.0 0.7763 0.6070 1.450e-22 5.721e+03
  4441.0 0.7770 0.6069 1.440e-22 5.662e+03
  4467.0 0.7777 0.6068 1.429e-22 5.604e+03
  4493.0 0.7783 0.6067 1.419e-22 5.547e+03
  4519.0 0.7790 0.6066 1.409e-22 5.490e+03
  4545.0 0.7797 0.6065 1.398e-22 5.434e+03
  4571.0 0.7803 0.6064 1.388e-22 5.379e+03
  4597.0 0.7809 0.6063 1.378e-22 5.325e+03
  4624.0 0.7815 0.6061 1.368e-22 5.271e+03
  4651.0 0.7821 0.6059 1.358e-22 5.218e+03
  4677.0 0.7827 0.6056 1.348e-22 5.166e+03
  4704.0 0.7832 0.6054 1.338e-22 5.113e+03
  4732.0 0.7838 0.6051 1.327e-22 5.062e+03
  4759.0 0.7844 0.6048 1.317e-22 5.010e+03
  4786.0 0.7849 0.6046 1.307e-22 4.959e+03
  4814.0 0.7854 0.6043 1.297e-22 4.909e+03
  4842.0 0.7859 0.6039 1.287e-22 4.859e+03
  4870.0 0.7864 0.6036 1.277e-22 4.810e+03
  4898.0 0.7869 0.6033 1.267e-22 4.761e+03
  4926.0 0.7874 0.6030 1.257e-22 4.713e+03
  4955.0 0.7878 0.6026 1.247e-22 4.666e+03
  4983.0 0.7883 0.6022 1.237e-22 4.620e+03
  5012.0 0.7887 0.6018 1.227e-22 4.574e+03
  5041.0 0.7891 0.6014 1.218e-22 4.529e+03
  5070.0 0.7895 0.6010 1.208e-22 4.484e+03
  5099.0 0.7898 0.6006 1.198e-22 4.441e+03
  5129.0 0.7902 0.6001 1.188e-22 4.397e+03
  5158.0 0.7905 0.5996 1.179e-22 4.355e+03
  5188.0 0.7908 0.5991 1.169e-22 4.313e+03
  5218.0 0.7911 0.5987 1.159e-22 4.271e+03
  5248.0 0.7914 0.5981 1.150e-22 4.230e+03
  5278.0 0.7916 0.5976 1.140e-22 4.190e+03
  5309.0 0.7919 0.5971 1.131e-22 4.151e+03
  5339.0 0.7921 0.5965 1.121e-22 4.111e+03
  5370.0 0.7923 0.5960 1.112e-22 4.073e+03
  5401.0 0.7925 0.5954 1.102e-22 4.035e+03
  5433.0 0.7927 0.5948 1.093e-22 3.997e+03
  5464.0 0.7928 0.5941 1.084e-22 3.960e+03
  5495.0 0.7929 0.5935 1.074e-22 3.923e+03
  5527.0 0.7931 0.5928 1.065e-22 3.887e+03
  5559.0 0.7932 0.5922 1.056e-22 3.851e+03
  5591.0 0.7933 0.5915 1.047e-22 3.816e+03
  5623.0 0.7933 0.5908 1.037e-22 3.781e+03
  5656.0 0.7934 0.5901 1.028e-22 3.747e+03
  5689.0 0.7934 0.5893 1.019e-22 3.713e+03
  5721.0 0.7934 0.5886 1.010e-22 3.680e+03
  5754.0 0.7934 0.5878 1.001e-22 3.648e+03
  5788.0 0.7934 0.5870 9.923e-23 3.615e+03
  5821.0 0.7934 0.5862 9.834e-23 3.584e+03
  5855.0 0.7933 0.5854 9.745e-23 3.552e+03
  5888.0 0.7932 0.5845 9.657e-23 3.522e+03
  5922.0 0.7931 0.5837 9.569e-23 3.491e+03
  5957.0 0.7930 0.5828 9.481e-23 3.461e+03
  5991.0 0.7929 0.5819 9.394e-23 3.432e+03
  6026.0 0.7927 0.5810 9.307e-23 3.403e+03
  6060.0 0.7925 0.5800 9.221e-23 3.375e+03
  6095.0 0.7923 0.5791 9.136e-23 3.347e+03
  6131.0 0.7921 0.5781 9.051e-23 3.319e+03
  6166.0 0.7918 0.5771 8.966e-23 3.292e+03
  6202.0 0.7916 0.5761 8.882e-23 3.265e+03
  6237.0 0.7913 0.5750 8.798e-23 3.239e+03
  6273.0 0.7910 0.5739 8.715e-23 3.212e+03
  6310.0 0.7907 0.5728 8.632e-23 3.186e+03
  6346.0 0.7904 0.5717 8.549e-23 3.161e+03
  6383.0 0.7900 0.5705 8.467e-23 3.135e+03
  6419.0 0.7897 0.5694 8.385e-23 3.110e+03
  6457.0 0.7893 0.5682 8.303e-23 3.085e+03
  6494.0 0.7890 0.5670 8.223e-23 3.061e+03
  6531.0 0.7885 0.5657 8.143e-23 3.037e+03
  6569.0 0.7881 0.5645 8.063e-23 3.013e+03
  6607.0 0.7877 0.5632 7.985e-23 2.990e+03
  6645.0 0.7872 0.5619 7.907e-23 2.968e+03
  6683.0 0.7867 0.5606 7.829e-23 2.945e+03
  6722.0 0.7862 0.5593 7.752e-23 2.924e+03
  6761.0 0.7856 0.5579 7.676e-23 2.902e+03
  6800.0 0.7851 0.5565 7.600e-23 2.881e+03
  6839.0 0.7845 0.5551 7.525e-23 2.860e+03
  6879.0 0.7840 0.5537 7.450e-23 2.839e+03
  6918.0 0.7834 0.5523 7.376e-23 2.818e+03
  6958.0 0.7828 0.5508 7.303e-23 2.798e+03
  6998.0 0.7822 0.5494 7.230e-23 2.778e+03
  7039.0 0.7815 0.5479 7.158e-23 2.758e+03
  7079.0 0.7809 0.5464 7.086e-23 2.739e+03
  7120.0 0.7802 0.5449 7.016e-23 2.720e+03
  7161.0 0.7795 0.5434 6.946e-23 2.701e+03
  7203.0 0.7788 0.5418 6.877e-23 2.683e+03
  7244.0 0.7781 0.5403 6.808e-23 2.665e+03
  7286.0 0.7773 0.5387 6.740e-23 2.647e+03
  7328.0 0.7766 0.5371 6.672e-23 2.628e+03
  7371.0 0.7759 0.5355 6.605e-23 2.610e+03
  7413.0 0.7752 0.5338 6.538e-23 2.592e+03
  7456.0 0.7745 0.5322 6.472e-23 2.574e+03
  7499.0 0.7738 0.5306 6.406e-23 2.556e+03
  7542.0 0.7731 0.5289 6.341e-23 2.538e+03
  7586.0 0.7723 0.5273 6.277e-23 2.521e+03
  7630.0 0.7716 0.5256 6.214e-23 2.503e+03
  7674.0 0.7708 0.5240 6.152e-23 2.487e+03
  7718.0 0.7700 0.5224 6.091e-23 2.471e+03
  7762.0 0.7692 0.5207 6.031e-23 2.455e+03
  7807.0 0.7683 0.5191 5.972e-23 2.440e+03
  7852.0 0.7674 0.5175 5.914e-23 2.426e+03
  7898.0 0.7665 0.5159 5.856e-23 2.411e+03
  7943.0 0.7657 0.5142 5.799e-23 2.397e+03
  7989.0 0.7648 0.5126 5.742e-23 2.382e+03
  8035.0 0.7639 0.5110 5.686e-23 2.368e+03
  8082.0 0.7630 0.5093 5.630e-23 2.353e+03
  8128.0 0.7622 0.5077 5.575e-23 2.338e+03
  8175.0 0.7614 0.5061 5.520e-23 2.323e+03
  8222.0 0.7606 0.5044 5.465e-23 2.308e+03
  8270.0 0.7598 0.5028 5.411e-23 2.293e+03
  8318.0 0.7589 0.5012 5.358e-23 2.278e+03
  8366.0 0.7581 0.4996 5.306e-23 2.263e+03
  8414.0 0.7573 0.4980 5.254e-23 2.249e+03
  8463.0 0.7564 0.4965 5.203e-23 2.235e+03
  8511.0 0.7556 0.4949 5.152e-23 2.221e+03
  8561.0 0.7547 0.4933 5.102e-23 2.207e+03
  8610.0 0.7538 0.4918 5.053e-23 2.194e+03
  8660.0 0.7529 0.4902 5.005e-23 2.181e+03
  8710.0 0.7520 0.4887 4.957e-23 2.168e+03
  8760.0 0.7511 0.4871 4.910e-23 2.156e+03
  8810.0 0.7501 0.4855 4.863e-23 2.143e+03
  8861.0 0.7492 0.4839 4.816e-23 2.131e+03
  8913.0 0.7482 0.4823 4.770e-23 2.118e+03
  8964.0 0.7473 0.4806 4.724e-23 2.105e+03
  9016.0 0.7464 0.4789 4.679e-23 2.092e+03
  9068.0 0.7456 0.4772 4.633e-23 2.079e+03
  9120.0 0.7447 0.4755 4.588e-23 2.066e+03
  9173.0 0.7439 0.4738 4.544e-23 2.052e+03
  9226.0 0.7431 0.4721 4.500e-23 2.039e+03
  9279.0 0.7423 0.4705 4.457e-23 2.026e+03
  9333.0 0.7414 0.4688 4.415e-23 2.014e+03
  9386.0 0.7405 0.4672 4.374e-23 2.002e+03
  9441.0 0.7395 0.4655 4.334e-23 1.991e+03
  9495.0 0.7386 0.4638 4.295e-23 1.980e+03
  9550.0 0.7376 0.4621 4.257e-23 1.970e+03
  9605.0 0.7366 0.4603 4.219e-23 1.960e+03
  9661.0 0.7356 0.4585 4.181e-23 1.950e+03
  9716.0 0.7347 0.4566 4.143e-23 1.939e+03
  9772.0 0.7338 0.4546 4.104e-23 1.927e+03
  9829.0 0.7330 0.4527 4.065e-23 1.915e+03
  9886.0 0.7322 0.4508 4.026e-23 1.902e+03
  9943.0 0.7315 0.4489 3.987e-23 1.888e+03
 10000.0 0.7307 0.4471 3.949e-23 1.875e+03
 10060.0 0.7300 0.4453 3.911e-23 1.862e+03
 10120.0 0.7293 0.4436 3.874e-23 1.850e+03
 10170.0 0.7285 0.4419 3.838e-23 1.838e+03
 10230.0 0.7276 0.4402 3.802e-23 1.826e+03
 10290.0 0.7268 0.4386 3.768e-23 1.816e+03
 10350.0 0.7259 0.4370 3.734e-23 1.805e+03
 10410.0 0.7250 0.4353 3.701e-23 1.795e+03
 10470.0 0.7240 0.4337 3.669e-23 1.786e+03
 10530.0 0.7231 0.4320 3.636e-23 1.776e+03
 10590.0 0.7221 0.4303 3.604e-23 1.766e+03
 10650.0 0.7212 0.4286 3.572e-23 1.757e+03
 10720.0 0.7202 0.4268 3.540e-23 1.747e+03
 10780.0 0.7192 0.4251 3.509e-23 1.737e+03
 10840.0 0.7183 0.4234 3.477e-23 1.728e+03
 10900.0 0.7173 0.4217 3.446e-23 1.718e+03
 10960.0 0.7163 0.4200 3.416e-23 1.709e+03
 11030.0 0.7153 0.4183 3.386e-23 1.700e+03
 11090.0 0.7143 0.4166 3.357e-23 1.691e+03
 11160.0 0.7133 0.4150 3.328e-23 1.683e+03
 11220.0 0.7122 0.4133 3.300e-23 1.675e+03
 11280.0 0.7112 0.4115 3.272e-23 1.667e+03
 11350.0 0.7101 0.4098 3.245e-23 1.659e+03
 11420.0 0.7091 0.4080 3.217e-23 1.651e+03
 11480.0 0.7080 0.4061 3.190e-23 1.643e+03
 11550.0 0.7069 0.4042 3.162e-23 1.635e+03
 11610.0 0.7059 0.4022 3.135e-23 1.626e+03
 11680.0 0.7048 0.4001 3.107e-23 1.618e+03
 11750.0 0.7037 0.3980 3.080e-23 1.609e+03
 11820.0 0.7027 0.3959 3.053e-23 1.601e+03
 11890.0 0.7017 0.3938 3.026e-23 1.592e+03
 11950.0 0.7006 0.3917 3.000e-23 1.584e+03
 12020.0 0.6996 0.3895 2.974e-23 1.576e+03
 12090.0 0.6986 0.3873 2.949e-23 1.568e+03
 12160.0 0.6975 0.3851 2.924e-23 1.560e+03
 12230.0 0.6965 0.3828 2.899e-23 1.552e+03
 12300.0 0.6954 0.3805 2.875e-23 1.544e+03
 12370.0 0.6944 0.3780 2.850e-23 1.536e+03
 12450.0 0.6933 0.3754 2.825e-23 1.528e+03
 12520.0 0.6922 0.3728 2.800e-23 1.520e+03
 12590.0 0.6912 0.3700 2.774e-23 1.511e+03
 12660.0 0.6901 0.3672 2.749e-23 1.502e+03
 12740.0 0.6890 0.3643 2.723e-23 1.493e+03
 12810.0 0.6880 0.3614 2.697e-23 1.484e+03
 12880.0 0.6870 0.3586 2.672e-23 1.475e+03
 12960.0 0.6859 0.3557 2.647e-23 1.466e+03
 13030.0 0.6849 0.3529 2.622e-23 1.457e+03
 13110.0 0.6839 0.3502 2.598e-23 1.448e+03
 13180.0 0.6829 0.3476 2.575e-23 1.440e+03
 13260.0 0.6820 0.3450 2.553e-23 1.432e+03
 13340.0 0.6810 0.3425 2.531e-23 1.424e+03
 13410.0 0.6800 0.3400 2.509e-23 1.416e+03
 13490.0 0.6790 0.3376 2.489e-23 1.409e+03
 13570.0 0.6781 0.3352 2.468e-23 1.401e+03
 13650.0 0.6771 0.3328 2.449e-23 1.394e+03
 13720.0 0.6762 0.3305 2.429e-23 1.387e+03
 13800.0 0.6752 0.3283 2.410e-23 1.381e+03
 13880.0 0.6743 0.3261 2.392e-23 1.374e+03
 13960.0 0.6733 0.3240 2.374e-23 1.367e+03
 14040.0 0.6724 0.3219 2.356e-23 1.361e+03
 14130.0 0.6715 0.3199 2.339e-23 1.355e+03
 14210.0 0.6706 0.3180 2.322e-23 1.349e+03
 14290.0 0.6696 0.3161 2.305e-23 1.343e+03
 14370.0 0.6687 0.3143 2.289e-23 1.338e+03
 14450.0 0.6678 0.3125 2.274e-23 1.332e+03
 14540.0 0.6669 0.3109 2.258e-23 1.327e+03
 14620.0 0.6659 0.3092 2.243e-23 1.322e+03
 14710.0 0.6650 0.3077 2.228e-23 1.317e+03
 14790.0 0.6640 0.3062 2.214e-23 1.312e+03
 14880.0 0.6630 0.3047 2.199e-23 1.307e+03
 14960.0 0.6620 0.3033 2.185e-23 1.302e+03
 15050.0 0.6610 0.3020 2.171e-23 1.298e+03
 15140.0 0.6600 0.3007 2.157e-23 1.293e+03
 15220.0 0.6590 0.2994 2.143e-23 1.289e+03
 15310.0 0.6580 0.2981 2.130e-23 1.285e+03
 15400.0 0.6569 0.2969 2.116e-23 1.281e+03
 15490.0 0.6558 0.2957 2.103e-23 1.277e+03
 15580.0 0.6547 0.2945 2.089e-23 1.272e+03
 15670.0 0.6536 0.2933 2.076e-23 1.268e+03
 15760.0 0.6524 0.2922 2.063e-23 1.264e+03
 15850.0 0.6513 0.2910 2.049e-23 1.260e+03
 15940.0 0.6501 0.2899 2.036e-23 1.257e+03
 16030.0 0.6488 0.2887 2.023e-23 1.253e+03
 16130.0 0.6476 0.2876 2.009e-23 1.249e+03
 16220.0 0.6463 0.2864 1.996e-23 1.245e+03
 16310.0 0.6449 0.2852 1.982e-23 1.241e+03
 16410.0 0.6435 0.2840 1.968e-23 1.237e+03
 16500.0 0.6421 0.2827 1.955e-23 1.234e+03
 16600.0 0.6407 0.2814 1.941e-23 1.230e+03
 16690.0 0.6391 0.2800 1.927e-23 1.226e+03
 16790.0 0.6376 0.2786 1.913e-23 1.223e+03
 16880.0 0.6360 0.2771 1.898e-23 1.219e+03
 16980.0 0.6343 0.2755 1.884e-23 1.215e+03
 17080.0 0.6326 0.2739 1.870e-23 1.212e+03
 17180.0 0.6308 0.2721 1.855e-23 1.208e+03
 17280.0 0.6289 0.2703 1.840e-23 1.204e+03
 17380.0 0.6271 0.2683 1.825e-23 1.201e+03
 17480.0 0.6251 0.2663 1.810e-23 1.197e+03
 17580.0 0.6231 0.2641 1.795e-23 1.193e+03
 17680.0 0.6210 0.2618 1.780e-23 1.190e+03
 17780.0 0.6189 0.2593 1.765e-23 1.186e+03
 17890.0 0.6167 0.2567 1.749e-23 1.182e+03
 17990.0 0.6144 0.2539 1.734e-23 1.179e+03
 18090.0 0.6121 0.2510 1.718e-23 1.175e+03
 18200.0 0.6098 0.2479 1.702e-23 1.172e+03
 18300.0 0.6074 0.2446 1.687e-23 1.168e+03
 18410.0 0.6050 0.2412 1.671e-23 1.164e+03
 18510.0 0.6025 0.2376 1.656e-23 1.161e+03
 18620.0 0.6001 0.2339 1.641e-23 1.157e+03
 18730.0 0.5976 0.2301 1.625e-23 1.154e+03
 18840.0 0.5951 0.2261 1.610e-23 1.150e+03
 18950.0 0.5926 0.2221 1.596e-23 1.147e+03
 19050.0 0.5900 0.2179 1.581e-23 1.143e+03
 19160.0 0.5875 0.2137 1.567e-23 1.140e+03
 19280.0 0.5850 0.2094 1.552e-23 1.136e+03
 19390.0 0.5825 0.2050 1.539e-23 1.133e+03
 19500.0 0.5800 0.2006 1.525e-23 1.130e+03
 19610.0 0.5775 0.1961 1.511e-23 1.126e+03
 19720.0 0.5750 0.1917 1.498e-23 1.123e+03
 19840.0 0.5725 0.1872 1.485e-23 1.120e+03
 19950.0 0.5700 0.1827 1.472e-23 1.116e+03
 20070.0 0.5676 0.1782 1.460e-23 1.113e+03
 20180.0 0.5651 0.1737 1.447e-23 1.110e+03
 20300.0 0.5627 0.1693 1.435e-23 1.107e+03
 20420.0 0.5603 0.1649 1.423e-23 1.104e+03
 20540.0 0.5579 0.1605 1.412e-23 1.101e+03
 20650.0 0.5555 0.1561 1.400e-23 1.098e+03
 20770.0 0.5532 0.1518 1.389e-23 1.095e+03
 20890.0 0.5508 0.1476 1.378e-23 1.091e+03
 21010.0 0.5485 0.1434 1.367e-23 1.088e+03
 21130.0 0.5461 0.1393 1.356e-23 1.085e+03
 21260.0 0.5438 0.1352 1.345e-23 1.082e+03
 21380.0 0.5415 0.1312 1.335e-23 1.079e+03
 21500.0 0.5392 0.1273 1.324e-23 1.076e+03
 21630.0 0.5369 0.1234 1.314e-23 1.073e+03
 21750.0 0.5346 0.1196 1.304e-23 1.070e+03
 21880.0 0.5323 0.1159 1.294e-23 1.067e+03
 22000.0 0.5300 0.1122 1.284e-23 1.064e+03
 22130.0 0.5277 0.1086 1.274e-23 1.061e+03
 22260.0 0.5254 0.1051 1.264e-23 1.058e+03
 22390.0 0.5231 0.1017 1.254e-23 1.055e+03
 22520.0 0.5208 0.0983 1.244e-23 1.052e+03
 22650.0 0.5185 0.0950 1.234e-23 1.048e+03
 22780.0 0.5161 0.0917 1.225e-23 1.045e+03
 22910.0 0.5138 0.0885 1.215e-23 1.042e+03
 23040.0 0.5115 0.0854 1.205e-23 1.039e+03
 23170.0 0.5092 0.0823 1.196e-23 1.035e+03
 23310.0 0.5068 0.0793 1.186e-23 1.032e+03
 23440.0 0.5045 0.0764 1.177e-23 1.028e+03
 23580.0 0.5022 0.0735 1.167e-23 1.025e+03
 23710.0 0.4998 0.0706 1.158e-23 1.021e+03
 23850.0 0.4974 0.0679 1.148e-23 1.018e+03
 23990.0 0.4950 0.0651 1.139e-23 1.014e+03
 24130.0 0.4926 0.0625 1.129e-23 1.010e+03
 24270.0 0.4902 0.0598 1.120e-23 1.007e+03
 24410.0 0.4878 0.0572 1.110e-23 1.003e+03
 24550.0 0.4854 0.0547 1.101e-23 9.989e+02
 24690.0 0.4830 0.0522 1.091e-23 9.950e+02
 24830.0 0.4805 0.0498 1.082e-23 9.910e+02
 24970.0 0.4780 0.0474 1.072e-23 9.870e+02
 25120.0 0.4755 0.0451 1.063e-23 9.830e+02
 25260.0 0.4730 0.0428 1.053e-23 9.789e+02
 25410.0 0.4705 0.0405 1.044e-23 9.747e+02
 25560.0 0.4679 0.0383 1.034e-23 9.705e+02
 25700.0 0.4654 0.0361 1.025e-23 9.663e+02
 25850.0 0.4628 0.0340 1.015e-23 9.620e+02
 26000.0 0.4602 0.0319 1.006e-23 9.577e+02
 26150.0 0.4575 0.0298 9.964e-24 9.533e+02
 26300.0 0.4549 0.0278 9.869e-24 9.489e+02
 26450.0 0.4522 0.0258 9.775e-24 9.444e+02
 26610.0 0.4495 0.0238 9.680e-24 9.398e+02
 26760.0 0.4468 0.0219 9.585e-24 9.352e+02
 26920.0 0.4440 0.0200 9.491e-24 9.307e+02
 27070.0 0.4413 0.0182 9.397e-24 9.260e+02
 27230.0 0.4385 0.0164 9.304e-24 9.214e+02
 27380.0 0.4357 0.0146 9.210e-24 9.167e+02
 27540.0 0.4329 0.0128 9.117e-24 9.119e+02
 27700.0 0.4300 0.0111 9.024e-24 9.071e+02
 27860.0 0.4272 0.0094 8.931e-24 9.023e+02
 28020.0 0.4243 0.0078 8.838e-24 8.974e+02
 28180.0 0.4214 0.0062 8.746e-24 8.926e+02
 28350.0 0.4185 0.0046 8.654e-24 8.876e+02
 28510.0 0.4155 0.0030 8.563e-24 8.827e+02
