# lambda albedo      g      Cext         K
   100.0 0.3401 0.9866 2.184e-22 2.639e+04
   100.6 0.3383 0.9864 2.189e-22 2.652e+04
   101.2 0.3366 0.9863 2.194e-22 2.665e+04
   101.7 0.3348 0.9862 2.199e-22 2.678e+04
   102.3 0.3330 0.9860 2.204e-22 2.692e+04
   102.9 0.3312 0.9859 2.209e-22 2.705e+04
   103.5 0.3291 0.9858 2.213e-22 2.718e+04
   104.1 0.3262 0.9857 2.214e-22 2.732e+04
   104.7 0.3232 0.9856 2.215e-22 2.745e+04
   105.3 0.3180 0.9856 2.210e-22 2.760e+04
   105.9 0.3076 0.9859 2.190e-22 2.776e+04
   106.5 0.3062 0.9857 2.196e-22 2.789e+04
   107.2 0.3300 0.9877 1.968e-22 2.414e+04
   107.8 0.3286 0.9875 1.974e-22 2.427e+04
   108.4 0.3395 0.9869 2.015e-22 2.437e+04
   109.0 0.3454 0.9865 2.042e-22 2.448e+04
   109.6 0.3466 0.9862 2.056e-22 2.460e+04
   110.3 0.3476 0.9860 2.070e-22 2.472e+04
   110.9 0.3484 0.9857 2.083e-22 2.485e+04
   111.6 0.3491 0.9854 2.095e-22 2.497e+04
   112.2 0.3495 0.9852 2.107e-22 2.510e+04
   112.8 0.3498 0.9849 2.119e-22 2.522e+04
   113.5 0.3500 0.9846 2.130e-22 2.535e+04
   114.2 0.3501 0.9844 2.141e-22 2.547e+04
   114.8 0.3500 0.9841 2.151e-22 2.560e+04
   115.5 0.3498 0.9839 2.161e-22 2.573e+04
   116.1 0.3495 0.9836 2.171e-22 2.586e+04
   116.8 0.3490 0.9834 2.180e-22 2.598e+04
   117.5 0.3485 0.9831 2.189e-22 2.611e+04
   118.2 0.3479 0.9829 2.198e-22 2.624e+04
   118.9 0.3472 0.9827 2.206e-22 2.637e+04
   119.5 0.3464 0.9825 2.214e-22 2.650e+04
   120.2 0.3455 0.9822 2.222e-22 2.663e+04
   120.9 0.3446 0.9820 2.230e-22 2.676e+04
   121.6 0.3435 0.9818 2.237e-22 2.689e+04
   122.3 0.3425 0.9816 2.244e-22 2.701e+04
   123.0 0.3413 0.9814 2.251e-22 2.714e+04
   123.7 0.3401 0.9811 2.257e-22 2.727e+04
   124.5 0.3388 0.9809 2.263e-22 2.740e+04
   125.2 0.3375 0.9807 2.270e-22 2.753e+04
   125.9 0.3361 0.9805 2.276e-22 2.766e+04
   126.6 0.3346 0.9803 2.282e-22 2.780e+04
   127.4 0.3331 0.9801 2.287e-22 2.793e+04
   128.1 0.3266 0.9803 2.277e-22 2.808e+04
   128.8 0.3358 0.9801 2.265e-22 2.754e+04
   129.6 0.3358 0.9798 2.275e-22 2.766e+04
   130.3 0.3359 0.9795 2.286e-22 2.779e+04
   131.1 0.3353 0.9792 2.294e-22 2.792e+04
   131.8 0.3342 0.9790 2.301e-22 2.805e+04
   132.6 0.3327 0.9788 2.306e-22 2.818e+04
   133.4 0.3309 0.9786 2.311e-22 2.831e+04
   134.1 0.3304 0.9783 2.319e-22 2.843e+04
   134.9 0.3359 0.9786 2.286e-22 2.779e+04
   135.7 0.3364 0.9782 2.297e-22 2.792e+04
   136.5 0.3367 0.9779 2.309e-22 2.804e+04
   137.2 0.3368 0.9775 2.320e-22 2.816e+04
   138.0 0.3368 0.9772 2.330e-22 2.829e+04
   138.8 0.3365 0.9769 2.339e-22 2.841e+04
   139.6 0.3361 0.9766 2.348e-22 2.854e+04
   140.4 0.3357 0.9762 2.357e-22 2.867e+04
   141.3 0.3352 0.9759 2.366e-22 2.879e+04
   142.1 0.3348 0.9756 2.375e-22 2.892e+04
   142.9 0.3343 0.9753 2.383e-22 2.905e+04
   143.7 0.3338 0.9750 2.392e-22 2.918e+04
   144.5 0.3333 0.9747 2.401e-22 2.931e+04
   145.4 0.3327 0.9743 2.409e-22 2.944e+04
   146.2 0.3321 0.9740 2.418e-22 2.957e+04
   147.1 0.3316 0.9737 2.426e-22 2.970e+04
   147.9 0.3310 0.9734 2.435e-22 2.982e+04
   148.8 0.3304 0.9730 2.443e-22 2.995e+04
   149.6 0.3298 0.9727 2.452e-22 3.008e+04
   150.5 0.3292 0.9724 2.460e-22 3.022e+04
   151.4 0.3285 0.9721 2.468e-22 3.035e+04
   152.2 0.3279 0.9717 2.477e-22 3.048e+04
   153.1 0.3272 0.9714 2.485e-22 3.061e+04
   154.0 0.3266 0.9711 2.493e-22 3.074e+04
   154.9 0.3259 0.9707 2.502e-22 3.087e+04
   155.8 0.3253 0.9704 2.510e-22 3.100e+04
   156.7 0.3247 0.9700 2.518e-22 3.113e+04
   157.6 0.3240 0.9697 2.526e-22 3.127e+04
   158.5 0.3234 0.9693 2.535e-22 3.140e+04
   159.4 0.3227 0.9690 2.543e-22 3.153e+04
   160.3 0.3221 0.9686 2.551e-22 3.167e+04
   161.3 0.3214 0.9683 2.560e-22 3.181e+04
   162.2 0.3207 0.9679 2.568e-22 3.194e+04
   163.1 0.3200 0.9675 2.577e-22 3.208e+04
   164.1 0.3193 0.9672 2.585e-22 3.222e+04
   165.0 0.3186 0.9668 2.593e-22 3.236e+04
   166.0 0.3180 0.9664 2.602e-22 3.249e+04
   166.9 0.3173 0.9661 2.611e-22 3.263e+04
   167.9 0.3166 0.9657 2.619e-22 3.277e+04
   168.8 0.3159 0.9653 2.628e-22 3.292e+04
   169.8 0.3152 0.9649 2.637e-22 3.306e+04
   170.8 0.3144 0.9645 2.646e-22 3.321e+04
   171.8 0.3137 0.9641 2.654e-22 3.336e+04
   172.8 0.3129 0.9637 2.663e-22 3.350e+04
   173.8 0.3121 0.9633 2.672e-22 3.365e+04
   174.8 0.3112 0.9630 2.680e-22 3.380e+04
   175.8 0.3104 0.9626 2.689e-22 3.395e+04
   176.8 0.3095 0.9622 2.698e-22 3.411e+04
   177.8 0.3086 0.9618 2.706e-22 3.426e+04
   178.9 0.3075 0.9614 2.715e-22 3.442e+04
   179.9 0.3064 0.9610 2.723e-22 3.458e+04
   180.9 0.3053 0.9607 2.732e-22 3.475e+04
   182.0 0.3042 0.9603 2.740e-22 3.491e+04
   183.0 0.3030 0.9599 2.748e-22 3.508e+04
   184.1 0.3018 0.9595 2.757e-22 3.524e+04
   185.1 0.3006 0.9592 2.765e-22 3.541e+04
   186.2 0.2994 0.9588 2.773e-22 3.558e+04
   187.3 0.2981 0.9584 2.782e-22 3.575e+04
   188.4 0.2961 0.9581 2.788e-22 3.593e+04
   189.5 0.2932 0.9580 2.791e-22 3.612e+04
   190.5 0.2995 0.9593 2.703e-22 3.467e+04
   191.6 0.2998 0.9588 2.715e-22 3.481e+04
   192.8 0.3002 0.9582 2.727e-22 3.494e+04
   193.9 0.3004 0.9576 2.739e-22 3.509e+04
   195.0 0.3007 0.9570 2.751e-22 3.523e+04
   196.1 0.3008 0.9564 2.763e-22 3.538e+04
   197.2 0.3009 0.9558 2.775e-22 3.552e+04
   198.4 0.3009 0.9553 2.787e-22 3.568e+04
   199.5 0.3009 0.9547 2.799e-22 3.583e+04
   200.7 0.3007 0.9541 2.810e-22 3.598e+04
   201.8 0.3006 0.9535 2.822e-22 3.614e+04
   203.0 0.3004 0.9530 2.833e-22 3.630e+04
   204.2 0.3001 0.9524 2.845e-22 3.646e+04
   205.4 0.2998 0.9518 2.856e-22 3.662e+04
   206.5 0.2994 0.9513 2.867e-22 3.678e+04
   207.7 0.2990 0.9507 2.878e-22 3.694e+04
   208.9 0.2985 0.9502 2.889e-22 3.711e+04
   210.1 0.2980 0.9496 2.900e-22 3.728e+04
   211.3 0.2974 0.9490 2.911e-22 3.745e+04
   212.6 0.2968 0.9485 2.922e-22 3.762e+04
   213.8 0.2962 0.9479 2.933e-22 3.780e+04
   215.0 0.2956 0.9474 2.944e-22 3.797e+04
   216.3 0.2949 0.9468 2.955e-22 3.814e+04
   217.5 0.2943 0.9463 2.966e-22 3.832e+04
   218.8 0.2937 0.9457 2.977e-22 3.850e+04
   220.0 0.2930 0.9451 2.988e-22 3.867e+04
   221.3 0.2924 0.9446 2.999e-22 3.885e+04
   222.6 0.2917 0.9440 3.010e-22 3.903e+04
   223.9 0.2909 0.9434 3.021e-22 3.922e+04
   225.2 0.2902 0.9429 3.032e-22 3.940e+04
   226.5 0.2892 0.9423 3.042e-22 3.960e+04
   227.8 0.2881 0.9418 3.053e-22 3.979e+04
   229.1 0.2869 0.9413 3.063e-22 4.000e+04
   230.4 0.2891 0.9414 3.039e-22 3.956e+04
   231.7 0.2892 0.9406 3.056e-22 3.977e+04
   233.1 0.2891 0.9397 3.073e-22 4.000e+04
   234.4 0.2888 0.9389 3.089e-22 4.022e+04
   235.8 0.2882 0.9382 3.104e-22 4.045e+04
   237.1 0.2876 0.9374 3.119e-22 4.068e+04
   238.5 0.2870 0.9367 3.133e-22 4.090e+04
   239.9 0.2864 0.9360 3.148e-22 4.113e+04
   241.3 0.2857 0.9353 3.162e-22 4.136e+04
   242.7 0.2850 0.9346 3.177e-22 4.159e+04
   244.1 0.2843 0.9338 3.192e-22 4.182e+04
   245.5 0.2836 0.9331 3.206e-22 4.206e+04
   246.9 0.2828 0.9324 3.221e-22 4.229e+04
   248.3 0.2821 0.9317 3.235e-22 4.253e+04
   249.7 0.2813 0.9309 3.250e-22 4.277e+04
   251.2 0.2806 0.9302 3.265e-22 4.301e+04
   252.6 0.2798 0.9295 3.279e-22 4.325e+04
   254.1 0.2790 0.9287 3.294e-22 4.349e+04
   255.6 0.2782 0.9280 3.309e-22 4.373e+04
   257.0 0.2774 0.9273 3.323e-22 4.397e+04
   258.5 0.2766 0.9265 3.338e-22 4.422e+04
   260.0 0.2758 0.9258 3.353e-22 4.446e+04
   261.5 0.2750 0.9251 3.368e-22 4.471e+04
   263.0 0.2741 0.9243 3.383e-22 4.496e+04
   264.5 0.2733 0.9236 3.398e-22 4.521e+04
   266.1 0.2725 0.9228 3.413e-22 4.546e+04
   267.6 0.2717 0.9221 3.427e-22 4.571e+04
   269.2 0.2708 0.9213 3.442e-22 4.596e+04
   270.7 0.2700 0.9206 3.457e-22 4.621e+04
   272.3 0.2692 0.9198 3.472e-22 4.646e+04
   273.8 0.2684 0.9191 3.487e-22 4.671e+04
   275.4 0.2676 0.9183 3.502e-22 4.696e+04
   277.0 0.2667 0.9176 3.517e-22 4.722e+04
   278.6 0.2659 0.9168 3.532e-22 4.747e+04
   280.2 0.2651 0.9161 3.547e-22 4.773e+04
   281.8 0.2643 0.9153 3.562e-22 4.798e+04
   283.5 0.2634 0.9145 3.577e-22 4.824e+04
   285.1 0.2626 0.9137 3.593e-22 4.851e+04
   286.7 0.2618 0.9130 3.608e-22 4.877e+04
   288.4 0.2609 0.9122 3.624e-22 4.904e+04
   290.1 0.2601 0.9114 3.639e-22 4.930e+04
   291.7 0.2593 0.9106 3.655e-22 4.957e+04
   293.4 0.2584 0.9099 3.670e-22 4.984e+04
   295.1 0.2576 0.9091 3.686e-22 5.011e+04
   296.8 0.2567 0.9083 3.702e-22 5.038e+04
   298.5 0.2559 0.9075 3.718e-22 5.065e+04
   300.3 0.2551 0.9067 3.734e-22 5.092e+04
   302.0 0.2542 0.9059 3.750e-22 5.120e+04
   303.7 0.2534 0.9051 3.765e-22 5.147e+04
   305.5 0.2526 0.9043 3.781e-22 5.175e+04
   307.3 0.2517 0.9035 3.797e-22 5.202e+04
   309.0 0.2509 0.9027 3.813e-22 5.230e+04
   310.8 0.2501 0.9019 3.829e-22 5.258e+04
   312.6 0.2493 0.9011 3.845e-22 5.286e+04
   314.4 0.2485 0.9003 3.862e-22 5.313e+04
   316.2 0.2477 0.8995 3.878e-22 5.341e+04
   318.1 0.2469 0.8987 3.894e-22 5.369e+04
   319.9 0.2461 0.8979 3.910e-22 5.397e+04
   321.7 0.2453 0.8971 3.926e-22 5.426e+04
   323.6 0.2445 0.8963 3.943e-22 5.454e+04
   325.5 0.2437 0.8955 3.959e-22 5.482e+04
   327.3 0.2429 0.8947 3.975e-22 5.510e+04
   329.2 0.2421 0.8939 3.991e-22 5.539e+04
   331.1 0.2413 0.8931 4.008e-22 5.567e+04
   333.0 0.2405 0.8923 4.024e-22 5.596e+04
   335.0 0.2398 0.8915 4.040e-22 5.624e+04
   336.9 0.2390 0.8907 4.057e-22 5.653e+04
   338.8 0.2382 0.8899 4.073e-22 5.681e+04
   340.8 0.2374 0.8891 4.090e-22 5.710e+04
   342.8 0.2366 0.8883 4.106e-22 5.739e+04
   344.7 0.2359 0.8875 4.122e-22 5.768e+04
   346.7 0.2351 0.8866 4.139e-22 5.797e+04
   348.7 0.2343 0.8858 4.156e-22 5.826e+04
   350.8 0.2336 0.8850 4.172e-22 5.855e+04
   352.8 0.2329 0.8842 4.189e-22 5.883e+04
   354.8 0.2320 0.8835 4.206e-22 5.914e+04
   356.9 0.2311 0.8828 4.225e-22 5.948e+04
   358.9 0.2303 0.8821 4.242e-22 5.978e+04
   361.0 0.2297 0.8815 4.256e-22 6.003e+04
   363.1 0.2291 0.8808 4.268e-22 6.024e+04
   365.2 0.2289 0.8802 4.275e-22 6.036e+04
   367.3 0.2291 0.8796 4.271e-22 6.028e+04
   369.4 0.2295 0.8790 4.266e-22 6.019e+04
   371.5 0.2299 0.8784 4.260e-22 6.007e+04
   373.7 0.2304 0.8777 4.254e-22 5.994e+04
   375.8 0.2310 0.8770 4.246e-22 5.979e+04
   378.0 0.2312 0.8762 4.246e-22 5.977e+04
   380.2 0.2314 0.8753 4.247e-22 5.978e+04
   382.4 0.2315 0.8743 4.250e-22 5.980e+04
   384.6 0.2315 0.8733 4.254e-22 5.985e+04
   386.8 0.2315 0.8723 4.259e-22 5.992e+04
   389.0 0.2315 0.8713 4.265e-22 6.001e+04
   391.3 0.2314 0.8702 4.272e-22 6.012e+04
   393.6 0.2312 0.8692 4.280e-22 6.024e+04
   395.8 0.2310 0.8681 4.289e-22 6.038e+04
   398.1 0.2308 0.8670 4.298e-22 6.054e+04
   400.4 0.2306 0.8659 4.309e-22 6.070e+04
   402.7 0.2303 0.8647 4.320e-22 6.088e+04
   405.0 0.2300 0.8636 4.331e-22 6.106e+04
   407.4 0.2297 0.8624 4.344e-22 6.127e+04
   409.7 0.2293 0.8612 4.357e-22 6.148e+04
   412.1 0.2289 0.8600 4.371e-22 6.171e+04
   414.5 0.2285 0.8588 4.384e-22 6.193e+04
   416.9 0.2282 0.8574 4.398e-22 6.216e+04
   419.3 0.2278 0.8561 4.414e-22 6.241e+04
   421.7 0.2273 0.8548 4.431e-22 6.270e+04
   424.1 0.2267 0.8534 4.450e-22 6.301e+04
   426.6 0.2261 0.8521 4.470e-22 6.334e+04
   429.0 0.2252 0.8507 4.495e-22 6.376e+04
   431.5 0.2242 0.8494 4.523e-22 6.424e+04
   434.0 0.2232 0.8480 4.552e-22 6.474e+04
   436.5 0.2222 0.8467 4.581e-22 6.524e+04
   439.0 0.2211 0.8453 4.611e-22 6.575e+04
   441.6 0.2201 0.8439 4.641e-22 6.627e+04
   444.1 0.2192 0.8426 4.668e-22 6.674e+04
   446.7 0.2185 0.8412 4.692e-22 6.714e+04
   449.3 0.2178 0.8399 4.717e-22 6.756e+04
   451.9 0.2170 0.8385 4.742e-22 6.798e+04
   454.5 0.2163 0.8371 4.768e-22 6.841e+04
   457.1 0.2156 0.8357 4.794e-22 6.885e+04
   459.7 0.2148 0.8343 4.821e-22 6.931e+04
   462.4 0.2139 0.8328 4.853e-22 6.985e+04
   465.1 0.2129 0.8313 4.886e-22 7.041e+04
   467.7 0.2120 0.8298 4.919e-22 7.097e+04
   470.4 0.2110 0.8283 4.953e-22 7.155e+04
   473.2 0.2101 0.8268 4.987e-22 7.213e+04
   475.9 0.2092 0.8253 5.023e-22 7.273e+04
   478.6 0.2083 0.8237 5.057e-22 7.330e+04
   481.4 0.2075 0.8221 5.090e-22 7.385e+04
   484.2 0.2067 0.8206 5.123e-22 7.442e+04
   487.0 0.2059 0.8190 5.157e-22 7.498e+04
   489.8 0.2052 0.8173 5.192e-22 7.556e+04
   492.6 0.2044 0.8157 5.227e-22 7.614e+04
   495.5 0.2037 0.8140 5.263e-22 7.673e+04
   498.3 0.2029 0.8123 5.299e-22 7.734e+04
   501.2 0.2022 0.8105 5.337e-22 7.796e+04
   504.1 0.2015 0.8087 5.376e-22 7.861e+04
   507.0 0.2007 0.8068 5.416e-22 7.926e+04
   509.9 0.2000 0.8049 5.457e-22 7.993e+04
   512.9 0.1993 0.8030 5.499e-22 8.062e+04
   515.8 0.1986 0.8010 5.542e-22 8.132e+04
   518.8 0.1979 0.7989 5.585e-22 8.202e+04
   521.8 0.1973 0.7968 5.630e-22 8.275e+04
   524.8 0.1966 0.7946 5.676e-22 8.350e+04
   527.8 0.1960 0.7923 5.725e-22 8.427e+04
   530.9 0.1953 0.7900 5.775e-22 8.508e+04
   533.9 0.1947 0.7875 5.827e-22 8.592e+04
   537.0 0.1941 0.7850 5.881e-22 8.678e+04
   540.1 0.1932 0.7827 5.937e-22 8.770e+04
   543.3 0.1922 0.7805 5.995e-22 8.868e+04
   546.4 0.1913 0.7780 6.057e-22 8.969e+04
   549.5 0.1905 0.7753 6.122e-22 9.075e+04
   552.7 0.1898 0.7723 6.191e-22 9.183e+04
   555.9 0.1892 0.7692 6.262e-22 9.295e+04
   559.1 0.1888 0.7658 6.336e-22 9.411e+04
   562.3 0.1884 0.7621 6.412e-22 9.529e+04
   565.6 0.1891 0.7576 6.482e-22 9.624e+04
   568.9 0.1903 0.7523 6.551e-22 9.713e+04
   572.1 0.1914 0.7468 6.629e-22 9.815e+04
   575.4 0.1923 0.7410 6.714e-22 9.928e+04
   578.8 0.1931 0.7351 6.806e-22 1.005e+05
   582.1 0.1873 0.7419 7.011e-22 1.043e+05
   585.5 0.1859 0.7353 7.193e-22 1.072e+05
   588.8 0.1845 0.7286 7.381e-22 1.102e+05
   592.2 0.1824 0.7215 7.606e-22 1.138e+05
   595.7 0.1799 0.7143 7.860e-22 1.180e+05
   599.1 0.1772 0.7074 8.119e-22 1.223e+05
   602.6 0.1746 0.7008 8.383e-22 1.267e+05
   606.0 0.1719 0.6944 8.652e-22 1.312e+05
   609.5 0.1693 0.6882 8.927e-22 1.358e+05
   613.1 0.1667 0.6821 9.209e-22 1.405e+05
   616.6 0.1641 0.6763 9.496e-22 1.453e+05
   620.2 0.1616 0.6706 9.788e-22 1.503e+05
   623.7 0.1587 0.6671 1.005e-21 1.548e+05
   627.3 0.1560 0.6638 1.030e-21 1.592e+05
   631.0 0.1533 0.6608 1.055e-21 1.636e+05
   634.6 0.1508 0.6580 1.079e-21 1.678e+05
   638.3 0.1484 0.6555 1.103e-21 1.719e+05
   641.9 0.1461 0.6533 1.125e-21 1.760e+05
   645.7 0.1438 0.6512 1.147e-21 1.798e+05
   649.4 0.1417 0.6494 1.168e-21 1.836e+05
   653.1 0.1397 0.6478 1.188e-21 1.871e+05
   656.9 0.1379 0.6463 1.206e-21 1.904e+05
   660.7 0.1362 0.6448 1.224e-21 1.936e+05
   664.5 0.1346 0.6435 1.241e-21 1.966e+05
   668.3 0.1333 0.6422 1.255e-21 1.992e+05
   672.2 0.1318 0.6411 1.271e-21 2.020e+05
   676.1 0.1303 0.6400 1.286e-21 2.047e+05
   680.0 0.1289 0.6391 1.300e-21 2.074e+05
   683.9 0.1275 0.6382 1.315e-21 2.100e+05
   687.9 0.1262 0.6375 1.328e-21 2.125e+05
   691.8 0.1250 0.6367 1.341e-21 2.149e+05
   695.8 0.1239 0.6359 1.353e-21 2.171e+05
   699.8 0.1229 0.6352 1.364e-21 2.190e+05
   703.9 0.1221 0.6345 1.373e-21 2.207e+05
   707.9 0.1214 0.6339 1.380e-21 2.219e+05
   712.0 0.1209 0.6333 1.384e-21 2.228e+05
   716.1 0.1207 0.6328 1.386e-21 2.232e+05
   720.3 0.1206 0.6324 1.386e-21 2.231e+05
   724.4 0.1208 0.6319 1.382e-21 2.225e+05
   728.6 0.1212 0.6316 1.376e-21 2.214e+05
   732.8 0.1256 0.6128 1.411e-21 2.259e+05
   737.1 0.1262 0.6141 1.395e-21 2.232e+05
   741.3 0.1270 0.6155 1.377e-21 2.201e+05
   745.6 0.1280 0.6170 1.357e-21 2.167e+05
   749.9 0.1290 0.6185 1.336e-21 2.131e+05
   754.2 0.1302 0.6202 1.314e-21 2.092e+05
   758.6 0.1314 0.6219 1.291e-21 2.053e+05
   763.0 0.1327 0.6238 1.268e-21 2.013e+05
   767.4 0.1340 0.6258 1.245e-21 1.973e+05
   771.8 0.1353 0.6279 1.221e-21 1.934e+05
   776.2 0.1367 0.6297 1.199e-21 1.895e+05
   780.7 0.1385 0.6305 1.178e-21 1.858e+05
   785.2 0.1403 0.6314 1.158e-21 1.822e+05
   789.8 0.1421 0.6323 1.138e-21 1.788e+05
   794.3 0.1439 0.6332 1.119e-21 1.754e+05
   798.9 0.1456 0.6341 1.101e-21 1.722e+05
   803.5 0.1473 0.6350 1.083e-21 1.691e+05
   808.2 0.1490 0.6359 1.066e-21 1.662e+05
   812.8 0.1506 0.6368 1.050e-21 1.633e+05
   817.5 0.1522 0.6378 1.035e-21 1.606e+05
   822.2 0.1537 0.6387 1.020e-21 1.580e+05
   827.0 0.1551 0.6397 1.005e-21 1.555e+05
   831.8 0.1564 0.6406 9.928e-22 1.534e+05
   836.6 0.1575 0.6415 9.808e-22 1.513e+05
   841.4 0.1586 0.6423 9.694e-22 1.494e+05
   846.3 0.1596 0.6431 9.587e-22 1.475e+05
   851.1 0.1605 0.6439 9.485e-22 1.458e+05
   856.1 0.1613 0.6446 9.389e-22 1.442e+05
   861.0 0.1621 0.6453 9.297e-22 1.426e+05
   866.0 0.1628 0.6460 9.211e-22 1.412e+05
   871.0 0.1634 0.6467 9.129e-22 1.398e+05
   876.0 0.1640 0.6473 9.051e-22 1.385e+05
   881.0 0.1645 0.6479 8.977e-22 1.373e+05
   886.1 0.1650 0.6482 8.909e-22 1.362e+05
   891.3 0.1665 0.6464 8.860e-22 1.352e+05
   896.4 0.1680 0.6443 8.816e-22 1.343e+05
   901.6 0.1696 0.6419 8.776e-22 1.334e+05
   906.8 0.1713 0.6392 8.739e-22 1.326e+05
   912.0 0.1730 0.6364 8.704e-22 1.318e+05
   917.3 0.1747 0.6350 8.643e-22 1.306e+05
   922.6 0.1763 0.6338 8.578e-22 1.294e+05
   927.9 0.1779 0.6328 8.509e-22 1.281e+05
   933.3 0.1796 0.6321 8.438e-22 1.267e+05
   938.6 0.1811 0.6314 8.368e-22 1.255e+05
   944.1 0.1826 0.6308 8.298e-22 1.242e+05
   949.5 0.1841 0.6304 8.227e-22 1.229e+05
   955.0 0.1855 0.6301 8.156e-22 1.216e+05
   960.5 0.1870 0.6298 8.085e-22 1.204e+05
   966.1 0.1884 0.6296 8.014e-22 1.191e+05
   971.6 0.1899 0.6294 7.944e-22 1.178e+05
   977.2 0.1913 0.6294 7.873e-22 1.166e+05
   982.9 0.1927 0.6293 7.805e-22 1.154e+05
   988.6 0.1942 0.6293 7.736e-22 1.141e+05
   994.3 0.1956 0.6292 7.669e-22 1.129e+05
  1000.0 0.1973 0.6292 7.593e-22 1.116e+05
  1006.0 0.1990 0.6290 7.519e-22 1.103e+05
  1012.0 0.2008 0.6289 7.444e-22 1.089e+05
  1017.0 0.2026 0.6289 7.367e-22 1.076e+05
  1023.0 0.2045 0.6290 7.289e-22 1.062e+05
  1029.0 0.2064 0.6295 7.205e-22 1.047e+05
  1035.0 0.2083 0.6302 7.119e-22 1.032e+05
  1041.0 0.2101 0.6310 7.033e-22 1.017e+05
  1047.0 0.2120 0.6320 6.948e-22 1.003e+05
  1053.0 0.2137 0.6330 6.865e-22 9.884e+04
  1059.0 0.2153 0.6340 6.786e-22 9.751e+04
  1065.0 0.2168 0.6351 6.709e-22 9.621e+04
  1072.0 0.2183 0.6362 6.634e-22 9.494e+04
  1078.0 0.2198 0.6373 6.560e-22 9.371e+04
  1084.0 0.2214 0.6382 6.488e-22 9.250e+04
  1090.0 0.2229 0.6391 6.418e-22 9.132e+04
  1096.0 0.2245 0.6399 6.350e-22 9.016e+04
  1103.0 0.2261 0.6407 6.283e-22 8.903e+04
  1109.0 0.2276 0.6414 6.218e-22 8.793e+04
  1116.0 0.2292 0.6421 6.154e-22 8.685e+04
  1122.0 0.2308 0.6428 6.091e-22 8.578e+04
  1128.0 0.2324 0.6434 6.029e-22 8.473e+04
  1135.0 0.2341 0.6441 5.968e-22 8.370e+04
  1142.0 0.2357 0.6447 5.909e-22 8.269e+04
  1148.0 0.2373 0.6452 5.850e-22 8.169e+04
  1155.0 0.2390 0.6457 5.792e-22 8.071e+04
  1161.0 0.2407 0.6461 5.736e-22 7.974e+04
  1168.0 0.2424 0.6465 5.680e-22 7.879e+04
  1175.0 0.2441 0.6468 5.626e-22 7.786e+04
  1182.0 0.2459 0.6472 5.572e-22 7.693e+04
  1189.0 0.2476 0.6475 5.519e-22 7.602e+04
  1195.0 0.2494 0.6477 5.466e-22 7.513e+04
  1202.0 0.2512 0.6480 5.415e-22 7.424e+04
  1209.0 0.2530 0.6482 5.364e-22 7.337e+04
  1216.0 0.2548 0.6484 5.315e-22 7.252e+04
  1223.0 0.2566 0.6485 5.266e-22 7.168e+04
  1230.0 0.2585 0.6487 5.218e-22 7.085e+04
  1237.0 0.2603 0.6488 5.171e-22 7.004e+04
  1245.0 0.2621 0.6489 5.125e-22 6.924e+04
  1252.0 0.2640 0.6489 5.080e-22 6.845e+04
  1259.0 0.2659 0.6489 5.035e-22 6.768e+04
  1266.0 0.2678 0.6489 4.991e-22 6.691e+04
  1274.0 0.2697 0.6489 4.948e-22 6.616e+04
  1281.0 0.2716 0.6489 4.906e-22 6.543e+04
  1288.0 0.2735 0.6488 4.864e-22 6.470e+04
  1296.0 0.2754 0.6487 4.824e-22 6.399e+04
  1303.0 0.2782 0.6485 4.769e-22 6.303e+04
  1311.0 0.2800 0.6483 4.733e-22 6.239e+04
  1318.0 0.2818 0.6481 4.697e-22 6.177e+04
  1326.0 0.2836 0.6479 4.663e-22 6.116e+04
  1334.0 0.2854 0.6476 4.629e-22 6.056e+04
  1341.0 0.2873 0.6473 4.596e-22 5.998e+04
  1349.0 0.2891 0.6469 4.564e-22 5.941e+04
  1357.0 0.2910 0.6465 4.533e-22 5.885e+04
  1365.0 0.2928 0.6460 4.502e-22 5.830e+04
  1372.0 0.2947 0.6455 4.473e-22 5.776e+04
  1380.0 0.2966 0.6449 4.444e-22 5.723e+04
  1388.0 0.2985 0.6443 4.415e-22 5.671e+04
  1396.0 0.3005 0.6435 4.388e-22 5.620e+04
  1404.0 0.3026 0.6427 4.361e-22 5.569e+04
  1413.0 0.3048 0.6418 4.335e-22 5.518e+04
  1421.0 0.3072 0.6408 4.308e-22 5.465e+04
  1429.0 0.3098 0.6397 4.281e-22 5.410e+04
  1437.0 0.3127 0.6386 4.252e-22 5.351e+04
  1445.0 0.3159 0.6375 4.222e-22 5.288e+04
  1454.0 0.3193 0.6366 4.191e-22 5.223e+04
  1462.0 0.3227 0.6358 4.158e-22 5.157e+04
  1471.0 0.3262 0.6352 4.126e-22 5.089e+04
  1479.0 0.3298 0.6346 4.093e-22 5.023e+04
  1488.0 0.3333 0.6341 4.061e-22 4.957e+04
  1496.0 0.3371 0.6337 4.028e-22 4.889e+04
  1505.0 0.3410 0.6333 3.995e-22 4.820e+04
  1514.0 0.3448 0.6329 3.963e-22 4.754e+04
  1522.0 0.3487 0.6324 3.931e-22 4.688e+04
  1531.0 0.3527 0.6319 3.901e-22 4.624e+04
  1540.0 0.3566 0.6315 3.871e-22 4.560e+04
  1549.0 0.3607 0.6309 3.842e-22 4.498e+04
  1558.0 0.3646 0.6304 3.814e-22 4.437e+04
  1567.0 0.3685 0.6299 3.787e-22 4.379e+04
  1576.0 0.3724 0.6293 3.761e-22 4.322e+04
  1585.0 0.3763 0.6286 3.736e-22 4.266e+04
  1594.0 0.3803 0.6280 3.711e-22 4.211e+04
  1603.0 0.3843 0.6272 3.687e-22 4.157e+04
  1613.0 0.3882 0.6264 3.665e-22 4.105e+04
  1622.0 0.3922 0.6254 3.644e-22 4.055e+04
  1631.0 0.3962 0.6244 3.623e-22 4.006e+04
  1641.0 0.4001 0.6234 3.604e-22 3.959e+04
  1650.0 0.4040 0.6223 3.586e-22 3.913e+04
  1660.0 0.4077 0.6212 3.569e-22 3.871e+04
  1669.0 0.4113 0.6200 3.553e-22 3.830e+04
  1679.0 0.4149 0.6188 3.539e-22 3.791e+04
  1688.0 0.4184 0.6175 3.526e-22 3.754e+04
  1698.0 0.4219 0.6162 3.513e-22 3.719e+04
  1708.0 0.4251 0.6149 3.502e-22 3.686e+04
  1718.0 0.4283 0.6135 3.492e-22 3.655e+04
  1728.0 0.4315 0.6122 3.482e-22 3.625e+04
  1738.0 0.4345 0.6108 3.474e-22 3.597e+04
  1748.0 0.4375 0.6093 3.467e-22 3.571e+04
  1758.0 0.4404 0.6079 3.462e-22 3.547e+04
  1768.0 0.4431 0.6063 3.458e-22 3.526e+04
  1778.0 0.4457 0.6047 3.454e-22 3.506e+04
  1789.0 0.4481 0.6032 3.452e-22 3.489e+04
  1799.0 0.4503 0.6016 3.451e-22 3.473e+04
  1809.0 0.4523 0.6001 3.451e-22 3.461e+04
  1820.0 0.4541 0.5988 3.453e-22 3.451e+04
  1830.0 0.4557 0.5974 3.457e-22 3.445e+04
  1841.0 0.4569 0.5961 3.463e-22 3.443e+04
  1851.0 0.4578 0.5947 3.471e-22 3.445e+04
  1862.0 0.4584 0.5933 3.480e-22 3.452e+04
  1873.0 0.4586 0.5919 3.492e-22 3.462e+04
  1884.0 0.4585 0.5904 3.505e-22 3.476e+04
  1895.0 0.4580 0.5891 3.520e-22 3.493e+04
  1905.0 0.4575 0.5879 3.536e-22 3.513e+04
  1916.0 0.4569 0.5867 3.554e-22 3.535e+04
  1928.0 0.4559 0.5858 3.575e-22 3.561e+04
  1939.0 0.4545 0.5848 3.598e-22 3.594e+04
  1950.0 0.4527 0.5838 3.625e-22 3.632e+04
  1961.0 0.4505 0.5827 3.655e-22 3.677e+04
  1972.0 0.4479 0.5814 3.687e-22 3.727e+04
  1984.0 0.4451 0.5801 3.721e-22 3.781e+04
  1995.0 0.4420 0.5788 3.757e-22 3.839e+04
  2007.0 0.4387 0.5777 3.794e-22 3.899e+04
  2018.0 0.4352 0.5769 3.832e-22 3.962e+04
  2030.0 0.4317 0.5764 3.869e-22 4.026e+04
  2042.0 0.4280 0.5762 3.907e-22 4.092e+04
  2054.0 0.4243 0.5762 3.947e-22 4.160e+04
  2065.0 0.4205 0.5760 3.987e-22 4.230e+04
  2077.0 0.4168 0.5756 4.026e-22 4.300e+04
  2089.0 0.4132 0.5750 4.063e-22 4.366e+04
  2101.0 0.4100 0.5743 4.097e-22 4.426e+04
  2113.0 0.4074 0.5735 4.125e-22 4.476e+04
  2126.0 0.4052 0.5728 4.147e-22 4.516e+04
  2138.0 0.4037 0.5724 4.161e-22 4.543e+04
  2150.0 0.4026 0.5725 4.166e-22 4.556e+04
  2163.0 0.4023 0.5731 4.161e-22 4.554e+04
  2175.0 0.4025 0.5739 4.150e-22 4.540e+04
  2188.0 0.4035 0.5747 4.131e-22 4.512e+04
  2200.0 0.4050 0.5753 4.104e-22 4.471e+04
  2213.0 0.4072 0.5758 4.071e-22 4.419e+04
  2226.0 0.4099 0.5761 4.031e-22 4.356e+04
  2239.0 0.4131 0.5763 3.985e-22 4.283e+04
  2252.0 0.4168 0.5764 3.933e-22 4.200e+04
  2265.0 0.4209 0.5766 3.876e-22 4.110e+04
  2278.0 0.4255 0.5770 3.816e-22 4.014e+04
  2291.0 0.4305 0.5776 3.752e-22 3.912e+04
  2304.0 0.4359 0.5786 3.686e-22 3.808e+04
  2317.0 0.4416 0.5796 3.621e-22 3.703e+04
  2331.0 0.4475 0.5805 3.558e-22 3.599e+04
  2344.0 0.4535 0.5812 3.496e-22 3.498e+04
  2358.0 0.4596 0.5818 3.435e-22 3.399e+04
  2371.0 0.4656 0.5821 3.377e-22 3.305e+04
  2385.0 0.4716 0.5821 3.321e-22 3.214e+04
  2399.0 0.4774 0.5820 3.267e-22 3.126e+04
  2413.0 0.4831 0.5819 3.214e-22 3.042e+04
  2427.0 0.4886 0.5818 3.162e-22 2.961e+04
  2441.0 0.4939 0.5818 3.112e-22 2.883e+04
  2455.0 0.4992 0.5822 3.063e-22 2.809e+04
  2469.0 0.5043 0.5828 3.017e-22 2.739e+04
  2483.0 0.5093 0.5834 2.975e-22 2.673e+04
  2497.0 0.5140 0.5839 2.935e-22 2.611e+04
  2512.0 0.5186 0.5844 2.897e-22 2.553e+04
  2526.0 0.5230 0.5848 2.861e-22 2.499e+04
  2541.0 0.5271 0.5850 2.828e-22 2.448e+04
  2556.0 0.5310 0.5850 2.796e-22 2.401e+04
  2570.0 0.5346 0.5849 2.765e-22 2.356e+04
  2585.0 0.5381 0.5847 2.735e-22 2.314e+04
  2600.0 0.5413 0.5845 2.706e-22 2.273e+04
  2615.0 0.5444 0.5845 2.677e-22 2.233e+04
  2630.0 0.5475 0.5848 2.649e-22 2.195e+04
  2645.0 0.5505 0.5852 2.623e-22 2.159e+04
  2661.0 0.5533 0.5857 2.598e-22 2.125e+04
  2676.0 0.5560 0.5862 2.575e-22 2.094e+04
  2692.0 0.5586 0.5867 2.554e-22 2.064e+04
  2707.0 0.5611 0.5871 2.533e-22 2.036e+04
  2723.0 0.5635 0.5874 2.514e-22 2.009e+04
  2738.0 0.5657 0.5875 2.496e-22 1.984e+04
  2754.0 0.5677 0.5875 2.478e-22 1.961e+04
  2770.0 0.5696 0.5874 2.460e-22 1.939e+04
  2786.0 0.5714 0.5873 2.442e-22 1.917e+04
  2802.0 0.5731 0.5873 2.424e-22 1.895e+04
  2818.0 0.5748 0.5875 2.406e-22 1.874e+04
  2835.0 0.5764 0.5879 2.389e-22 1.853e+04
  2851.0 0.5780 0.5884 2.373e-22 1.833e+04
  2867.0 0.5796 0.5890 2.358e-22 1.815e+04
  2884.0 0.5811 0.5896 2.344e-22 1.798e+04
  2901.0 0.5825 0.5901 2.331e-22 1.782e+04
  2917.0 0.5839 0.5906 2.318e-22 1.766e+04
  2934.0 0.5853 0.5909 2.306e-22 1.751e+04
  2951.0 0.5865 0.5911 2.294e-22 1.737e+04
  2968.0 0.5876 0.5912 2.283e-22 1.724e+04
  2985.0 0.5887 0.5913 2.271e-22 1.710e+04
  3003.0 0.5897 0.5913 2.259e-22 1.697e+04
  3020.0 0.5907 0.5915 2.246e-22 1.683e+04
  3037.0 0.5921 0.5919 2.231e-22 1.667e+04
  3055.0 0.5940 0.5924 2.216e-22 1.647e+04
  3073.0 0.5959 0.5931 2.201e-22 1.629e+04
  3090.0 0.5978 0.5938 2.187e-22 1.610e+04
  3108.0 0.5997 0.5945 2.173e-22 1.593e+04
  3126.0 0.6017 0.5951 2.160e-22 1.575e+04
  3144.0 0.6037 0.5957 2.147e-22 1.558e+04
  3162.0 0.6056 0.5961 2.135e-22 1.541e+04
  3181.0 0.6075 0.5964 2.122e-22 1.525e+04
  3199.0 0.6094 0.5966 2.109e-22 1.508e+04
  3217.0 0.6113 0.5968 2.096e-22 1.492e+04
  3236.0 0.6132 0.5970 2.082e-22 1.475e+04
  3255.0 0.6151 0.5974 2.068e-22 1.457e+04
  3273.0 0.6170 0.5979 2.054e-22 1.440e+04
  3292.0 0.6190 0.5985 2.040e-22 1.423e+04
  3311.0 0.6210 0.5992 2.026e-22 1.406e+04
  3330.0 0.6230 0.6000 2.013e-22 1.390e+04
  3350.0 0.6251 0.6007 2.001e-22 1.374e+04
  3369.0 0.6271 0.6013 1.989e-22 1.358e+04
  3388.0 0.6291 0.6019 1.977e-22 1.343e+04
  3408.0 0.6311 0.6024 1.966e-22 1.328e+04
  3428.0 0.6330 0.6027 1.954e-22 1.313e+04
  3447.0 0.6350 0.6029 1.942e-22 1.298e+04
  3467.0 0.6369 0.6032 1.930e-22 1.283e+04
  3487.0 0.6389 0.6034 1.917e-22 1.268e+04
  3508.0 0.6409 0.6037 1.904e-22 1.252e+04
  3528.0 0.6429 0.6042 1.891e-22 1.237e+04
  3548.0 0.6449 0.6047 1.878e-22 1.221e+04
  3569.0 0.6470 0.6053 1.866e-22 1.206e+04
  3589.0 0.6491 0.6060 1.853e-22 1.191e+04
  3610.0 0.6511 0.6066 1.842e-22 1.176e+04
  3631.0 0.6532 0.6072 1.830e-22 1.162e+04
  3652.0 0.6552 0.6077 1.819e-22 1.148e+04
  3673.0 0.6573 0.6082 1.808e-22 1.135e+04
  3694.0 0.6592 0.6085 1.797e-22 1.121e+04
  3715.0 0.6612 0.6087 1.786e-22 1.108e+04
  3737.0 0.6631 0.6089 1.774e-22 1.094e+04
  3758.0 0.6651 0.6091 1.762e-22 1.080e+04
  3780.0 0.6670 0.6094 1.750e-22 1.067e+04
  3802.0 0.6690 0.6097 1.737e-22 1.053e+04
  3824.0 0.6710 0.6101 1.725e-22 1.039e+04
  3846.0 0.6730 0.6106 1.713e-22 1.026e+04
  3868.0 0.6750 0.6111 1.702e-22 1.013e+04
  3890.0 0.6769 0.6116 1.690e-22 9.999e+03
  3913.0 0.6789 0.6120 1.679e-22 9.874e+03
  3936.0 0.6808 0.6124 1.669e-22 9.751e+03
  3958.0 0.6827 0.6127 1.658e-22 9.631e+03
  3981.0 0.6846 0.6129 1.647e-22 9.512e+03
  4004.0 0.6864 0.6131 1.636e-22 9.394e+03
  4027.0 0.6883 0.6132 1.625e-22 9.276e+03
  4050.0 0.6901 0.6133 1.614e-22 9.158e+03
  4074.0 0.6919 0.6134 1.602e-22 9.039e+03
  4097.0 0.6937 0.6136 1.591e-22 8.921e+03
  4121.0 0.6955 0.6138 1.579e-22 8.804e+03
  4145.0 0.6974 0.6140 1.568e-22 8.689e+03
  4169.0 0.6992 0.6143 1.557e-22 8.575e+03
  4193.0 0.7009 0.6146 1.546e-22 8.465e+03
  4217.0 0.7027 0.6148 1.535e-22 8.356e+03
  4241.0 0.7044 0.6150 1.524e-22 8.250e+03
  4266.0 0.7062 0.6152 1.514e-22 8.145e+03
  4290.0 0.7078 0.6153 1.503e-22 8.043e+03
  4315.0 0.7095 0.6154 1.493e-22 7.941e+03
  4340.0 0.7111 0.6154 1.482e-22 7.840e+03
  4365.0 0.7127 0.6153 1.472e-22 7.740e+03
  4390.0 0.7143 0.6153 1.461e-22 7.641e+03
  4416.0 0.7159 0.6153 1.450e-22 7.542e+03
  4441.0 0.7175 0.6153 1.439e-22 7.444e+03
  4467.0 0.7191 0.6153 1.428e-22 7.347e+03
  4493.0 0.7206 0.6153 1.418e-22 7.252e+03
  4519.0 0.7222 0.6154 1.407e-22 7.157e+03
  4545.0 0.7237 0.6154 1.396e-22 7.065e+03
  4571.0 0.7252 0.6154 1.386e-22 6.973e+03
  4597.0 0.7267 0.6154 1.376e-22 6.883e+03
  4624.0 0.7282 0.6153 1.365e-22 6.794e+03
  4651.0 0.7297 0.6152 1.355e-22 6.706e+03
  4677.0 0.7311 0.6151 1.344e-22 6.619e+03
  4704.0 0.7325 0.6149 1.334e-22 6.533e+03
  4732.0 0.7340 0.6148 1.324e-22 6.447e+03
  4759.0 0.7354 0.6146 1.313e-22 6.362e+03
  4786.0 0.7368 0.6144 1.303e-22 6.278e+03
  4814.0 0.7382 0.6142 1.292e-22 6.195e+03
  4842.0 0.7396 0.6140 1.282e-22 6.113e+03
  4870.0 0.7409 0.6137 1.272e-22 6.032e+03
  4898.0 0.7423 0.6135 1.261e-22 5.952e+03
  4926.0 0.7436 0.6133 1.251e-22 5.874e+03
  4955.0 0.7449 0.6130 1.241e-22 5.797e+03
  4983.0 0.7462 0.6127 1.231e-22 5.722e+03
  5012.0 0.7474 0.6124 1.221e-22 5.647e+03
  5041.0 0.7486 0.6121 1.211e-22 5.574e+03
  5070.0 0.7498 0.6118 1.201e-22 5.503e+03
  5099.0 0.7510 0.6114 1.191e-22 5.432e+03
  5129.0 0.7521 0.6110 1.181e-22 5.362e+03
  5158.0 0.7532 0.6106 1.172e-22 5.294e+03
  5188.0 0.7543 0.6102 1.162e-22 5.227e+03
  5218.0 0.7554 0.6098 1.152e-22 5.160e+03
  5248.0 0.7564 0.6094 1.142e-22 5.095e+03
  5278.0 0.7575 0.6089 1.133e-22 5.031e+03
  5309.0 0.7584 0.6085 1.123e-22 4.968e+03
  5339.0 0.7594 0.6080 1.114e-22 4.906e+03
  5370.0 0.7604 0.6075 1.104e-22 4.845e+03
  5401.0 0.7613 0.6070 1.095e-22 4.785e+03
  5433.0 0.7622 0.6064 1.085e-22 4.726e+03
  5464.0 0.7631 0.6059 1.076e-22 4.668e+03
  5495.0 0.7640 0.6053 1.067e-22 4.610e+03
  5527.0 0.7648 0.6047 1.057e-22 4.554e+03
  5559.0 0.7656 0.6041 1.048e-22 4.498e+03
  5591.0 0.7664 0.6035 1.039e-22 4.444e+03
  5623.0 0.7672 0.6029 1.030e-22 4.390e+03
  5656.0 0.7680 0.6023 1.021e-22 4.337e+03
  5689.0 0.7687 0.6016 1.012e-22 4.286e+03
  5721.0 0.7694 0.6009 1.003e-22 4.235e+03
  5754.0 0.7701 0.6002 9.940e-23 4.185e+03
  5788.0 0.7707 0.5995 9.851e-23 4.136e+03
  5821.0 0.7713 0.5988 9.763e-23 4.087e+03
  5855.0 0.7719 0.5980 9.675e-23 4.040e+03
  5888.0 0.7725 0.5972 9.587e-23 3.993e+03
  5922.0 0.7731 0.5964 9.500e-23 3.948e+03
  5957.0 0.7736 0.5956 9.414e-23 3.903e+03
  5991.0 0.7741 0.5948 9.328e-23 3.859e+03
  6026.0 0.7745 0.5940 9.243e-23 3.816e+03
  6060.0 0.7750 0.5931 9.159e-23 3.773e+03
  6095.0 0.7754 0.5923 9.075e-23 3.732e+03
  6131.0 0.7758 0.5914 8.992e-23 3.691e+03
  6166.0 0.7762 0.5905 8.909e-23 3.651e+03
  6202.0 0.7765 0.5896 8.827e-23 3.612e+03
  6237.0 0.7768 0.5887 8.746e-23 3.573e+03
  6273.0 0.7771 0.5877 8.664e-23 3.535e+03
  6310.0 0.7774 0.5867 8.583e-23 3.498e+03
  6346.0 0.7777 0.5857 8.503e-23 3.461e+03
  6383.0 0.7779 0.5847 8.423e-23 3.425e+03
  6419.0 0.7782 0.5836 8.343e-23 3.389e+03
  6457.0 0.7784 0.5826 8.264e-23 3.354e+03
  6494.0 0.7785 0.5815 8.186e-23 3.319e+03
  6531.0 0.7787 0.5804 8.108e-23 3.286e+03
  6569.0 0.7788 0.5793 8.031e-23 3.252e+03
  6607.0 0.7789 0.5782 7.955e-23 3.220e+03
  6645.0 0.7790 0.5770 7.879e-23 3.188e+03
  6683.0 0.7790 0.5758 7.804e-23 3.157e+03
  6722.0 0.7791 0.5746 7.729e-23 3.127e+03
  6761.0 0.7791 0.5734 7.655e-23 3.097e+03
  6800.0 0.7791 0.5722 7.581e-23 3.067e+03
  6839.0 0.7790 0.5709 7.508e-23 3.038e+03
  6879.0 0.7789 0.5696 7.436e-23 3.010e+03
  6918.0 0.7789 0.5683 7.364e-23 2.982e+03
  6958.0 0.7787 0.5670 7.292e-23 2.954e+03
  6998.0 0.7786 0.5657 7.222e-23 2.928e+03
  7039.0 0.7784 0.5643 7.151e-23 2.902e+03
  7079.0 0.7782 0.5629 7.082e-23 2.876e+03
  7120.0 0.7780 0.5615 7.013e-23 2.851e+03
  7161.0 0.7777 0.5601 6.945e-23 2.827e+03
  7203.0 0.7774 0.5587 6.878e-23 2.803e+03
  7244.0 0.7771 0.5573 6.811e-23 2.780e+03
  7286.0 0.7768 0.5558 6.744e-23 2.757e+03
  7328.0 0.7764 0.5543 6.678e-23 2.734e+03
  7371.0 0.7760 0.5528 6.613e-23 2.712e+03
  7413.0 0.7757 0.5513 6.548e-23 2.689e+03
  7456.0 0.7753 0.5497 6.483e-23 2.667e+03
  7499.0 0.7749 0.5482 6.419e-23 2.646e+03
  7542.0 0.7745 0.5466 6.356e-23 2.625e+03
  7586.0 0.7740 0.5451 6.294e-23 2.604e+03
  7630.0 0.7736 0.5435 6.232e-23 2.584e+03
  7674.0 0.7731 0.5419 6.170e-23 2.564e+03
  7718.0 0.7726 0.5403 6.110e-23 2.544e+03
  7762.0 0.7720 0.5387 6.050e-23 2.525e+03
  7807.0 0.7715 0.5371 5.991e-23 2.507e+03
  7852.0 0.7709 0.5355 5.932e-23 2.488e+03
  7898.0 0.7703 0.5338 5.873e-23 2.470e+03
  7943.0 0.7698 0.5322 5.816e-23 2.452e+03
  7989.0 0.7692 0.5305 5.758e-23 2.434e+03
  8035.0 0.7686 0.5289 5.701e-23 2.416e+03
  8082.0 0.7680 0.5272 5.645e-23 2.398e+03
  8128.0 0.7674 0.5256 5.589e-23 2.380e+03
  8175.0 0.7668 0.5239 5.534e-23 2.363e+03
  8222.0 0.7662 0.5223 5.479e-23 2.346e+03
  8270.0 0.7655 0.5206 5.426e-23 2.330e+03
  8318.0 0.7648 0.5189 5.373e-23 2.313e+03
  8366.0 0.7641 0.5173 5.320e-23 2.298e+03
  8414.0 0.7634 0.5156 5.268e-23 2.282e+03
  8463.0 0.7627 0.5139 5.217e-23 2.267e+03
  8511.0 0.7619 0.5123 5.166e-23 2.252e+03
  8561.0 0.7612 0.5106 5.116e-23 2.237e+03
  8610.0 0.7604 0.5089 5.066e-23 2.222e+03
  8660.0 0.7597 0.5072 5.017e-23 2.208e+03
  8710.0 0.7589 0.5056 4.968e-23 2.193e+03
  8760.0 0.7581 0.5039 4.919e-23 2.179e+03
  8810.0 0.7574 0.5022 4.872e-23 2.164e+03
  8861.0 0.7566 0.5005 4.824e-23 2.150e+03
  8913.0 0.7557 0.4988 4.778e-23 2.137e+03
  8964.0 0.7549 0.4971 4.732e-23 2.124e+03
  9016.0 0.7540 0.4954 4.686e-23 2.111e+03
  9068.0 0.7532 0.4937 4.641e-23 2.098e+03
  9120.0 0.7523 0.4920 4.597e-23 2.085e+03
  9173.0 0.7514 0.4903 4.553e-23 2.072e+03
  9226.0 0.7505 0.4886 4.509e-23 2.059e+03
  9279.0 0.7496 0.4869 4.466e-23 2.047e+03
  9333.0 0.7487 0.4852 4.423e-23 2.035e+03
  9386.0 0.7478 0.4834 4.380e-23 2.022e+03
  9441.0 0.7469 0.4817 4.338e-23 2.010e+03
  9495.0 0.7460 0.4800 4.297e-23 1.998e+03
  9550.0 0.7451 0.4782 4.256e-23 1.986e+03
  9605.0 0.7442 0.4764 4.215e-23 1.974e+03
  9661.0 0.7433 0.4746 4.175e-23 1.962e+03
  9716.0 0.7424 0.4728 4.135e-23 1.951e+03
  9772.0 0.7414 0.4710 4.095e-23 1.939e+03
  9829.0 0.7405 0.4691 4.056e-23 1.927e+03
  9886.0 0.7396 0.4672 4.017e-23 1.915e+03
  9943.0 0.7386 0.4654 3.978e-23 1.904e+03
 10000.0 0.7377 0.4635 3.939e-23 1.892e+03
 10060.0 0.7368 0.4616 3.902e-23 1.880e+03
 10120.0 0.7358 0.4597 3.864e-23 1.869e+03
 10170.0 0.7349 0.4578 3.827e-23 1.858e+03
 10230.0 0.7339 0.4559 3.791e-23 1.847e+03
 10290.0 0.7329 0.4540 3.755e-23 1.837e+03
 10350.0 0.7319 0.4520 3.720e-23 1.826e+03
 10410.0 0.7309 0.4500 3.685e-23 1.816e+03
 10470.0 0.7299 0.4480 3.651e-23 1.805e+03
 10530.0 0.7289 0.4459 3.616e-23 1.795e+03
 10590.0 0.7279 0.4438 3.582e-23 1.785e+03
 10650.0 0.7269 0.4416 3.548e-23 1.774e+03
 10720.0 0.7259 0.4395 3.514e-23 1.763e+03
 10780.0 0.7249 0.4374 3.480e-23 1.753e+03
 10840.0 0.7240 0.4353 3.447e-23 1.742e+03
 10900.0 0.7230 0.4332 3.414e-23 1.732e+03
 10960.0 0.7220 0.4311 3.382e-23 1.722e+03
 11030.0 0.7210 0.4289 3.351e-23 1.712e+03
 11090.0 0.7200 0.4268 3.320e-23 1.702e+03
 11160.0 0.7190 0.4247 3.290e-23 1.693e+03
 11220.0 0.7179 0.4226 3.260e-23 1.684e+03
 11280.0 0.7169 0.4204 3.231e-23 1.675e+03
 11350.0 0.7159 0.4182 3.202e-23 1.666e+03
 11420.0 0.7148 0.4159 3.173e-23 1.657e+03
 11480.0 0.7138 0.4136 3.144e-23 1.647e+03
 11550.0 0.7128 0.4113 3.115e-23 1.638e+03
 11610.0 0.7118 0.4090 3.086e-23 1.628e+03
 11680.0 0.7109 0.4067 3.058e-23 1.619e+03
 11750.0 0.7099 0.4044 3.029e-23 1.609e+03
 11820.0 0.7089 0.4022 3.002e-23 1.600e+03
 11890.0 0.7079 0.4000 2.975e-23 1.591e+03
 11950.0 0.7070 0.3978 2.948e-23 1.582e+03
 12020.0 0.7060 0.3957 2.923e-23 1.574e+03
 12090.0 0.7050 0.3935 2.898e-23 1.565e+03
 12160.0 0.7039 0.3914 2.873e-23 1.557e+03
 12230.0 0.7029 0.3892 2.849e-23 1.550e+03
 12300.0 0.7019 0.3870 2.825e-23 1.542e+03
 12370.0 0.7009 0.3847 2.801e-23 1.534e+03
 12450.0 0.6998 0.3825 2.777e-23 1.526e+03
 12520.0 0.6988 0.3802 2.753e-23 1.518e+03
 12590.0 0.6978 0.3779 2.729e-23 1.510e+03
 12660.0 0.6968 0.3757 2.705e-23 1.502e+03
 12740.0 0.6959 0.3735 2.682e-23 1.494e+03
 12810.0 0.6949 0.3713 2.659e-23 1.486e+03
 12880.0 0.6939 0.3692 2.637e-23 1.478e+03
 12960.0 0.6929 0.3671 2.615e-23 1.470e+03
 13030.0 0.6919 0.3651 2.593e-23 1.463e+03
 13110.0 0.6908 0.3630 2.572e-23 1.456e+03
 13180.0 0.6898 0.3610 2.552e-23 1.449e+03
 13260.0 0.6887 0.3590 2.532e-23 1.443e+03
 13340.0 0.6877 0.3570 2.512e-23 1.436e+03
 13410.0 0.6866 0.3549 2.492e-23 1.430e+03
 13490.0 0.6856 0.3528 2.472e-23 1.423e+03
 13570.0 0.6845 0.3507 2.452e-23 1.416e+03
 13650.0 0.6834 0.3487 2.432e-23 1.410e+03
 13720.0 0.6824 0.3466 2.412e-23 1.403e+03
 13800.0 0.6813 0.3445 2.393e-23 1.396e+03
 13880.0 0.6802 0.3425 2.373e-23 1.390e+03
 13960.0 0.6792 0.3405 2.354e-23 1.383e+03
 14040.0 0.6781 0.3386 2.336e-23 1.377e+03
 14130.0 0.6770 0.3367 2.317e-23 1.370e+03
 14210.0 0.6759 0.3348 2.299e-23 1.364e+03
 14290.0 0.6748 0.3330 2.282e-23 1.358e+03
 14370.0 0.6738 0.3311 2.264e-23 1.353e+03
 14450.0 0.6727 0.3293 2.247e-23 1.347e+03
 14540.0 0.6715 0.3274 2.230e-23 1.341e+03
 14620.0 0.6704 0.3256 2.213e-23 1.336e+03
 14710.0 0.6693 0.3237 2.196e-23 1.330e+03
 14790.0 0.6681 0.3218 2.179e-23 1.325e+03
 14880.0 0.6669 0.3199 2.163e-23 1.319e+03
 14960.0 0.6657 0.3180 2.146e-23 1.313e+03
 15050.0 0.6645 0.3161 2.129e-23 1.308e+03
 15140.0 0.6633 0.3143 2.113e-23 1.302e+03
 15220.0 0.6621 0.3125 2.096e-23 1.297e+03
 15310.0 0.6609 0.3107 2.080e-23 1.292e+03
 15400.0 0.6597 0.3089 2.065e-23 1.286e+03
 15490.0 0.6585 0.3072 2.049e-23 1.281e+03
 15580.0 0.6573 0.3054 2.034e-23 1.276e+03
 15670.0 0.6561 0.3037 2.019e-23 1.271e+03
 15760.0 0.6548 0.3019 2.004e-23 1.266e+03
 15850.0 0.6536 0.3002 1.989e-23 1.261e+03
 15940.0 0.6523 0.2984 1.974e-23 1.257e+03
 16030.0 0.6511 0.2966 1.959e-23 1.252e+03
 16130.0 0.6498 0.2948 1.944e-23 1.247e+03
 16220.0 0.6485 0.2929 1.930e-23 1.242e+03
 16310.0 0.6472 0.2911 1.915e-23 1.237e+03
 16410.0 0.6459 0.2893 1.901e-23 1.232e+03
 16500.0 0.6445 0.2874 1.886e-23 1.228e+03
 16600.0 0.6432 0.2856 1.872e-23 1.223e+03
 16690.0 0.6419 0.2838 1.858e-23 1.218e+03
 16790.0 0.6405 0.2820 1.844e-23 1.214e+03
 16880.0 0.6391 0.2803 1.831e-23 1.209e+03
 16980.0 0.6378 0.2785 1.817e-23 1.205e+03
 17080.0 0.6364 0.2767 1.804e-23 1.201e+03
 17180.0 0.6350 0.2748 1.790e-23 1.196e+03
 17280.0 0.6336 0.2730 1.777e-23 1.192e+03
 17380.0 0.6321 0.2711 1.764e-23 1.188e+03
 17480.0 0.6307 0.2693 1.750e-23 1.184e+03
 17580.0 0.6292 0.2674 1.737e-23 1.180e+03
 17680.0 0.6277 0.2654 1.724e-23 1.175e+03
 17780.0 0.6261 0.2635 1.711e-23 1.171e+03
 17890.0 0.6246 0.2616 1.698e-23 1.167e+03
 17990.0 0.6230 0.2596 1.686e-23 1.163e+03
 18090.0 0.6215 0.2577 1.673e-23 1.160e+03
 18200.0 0.6199 0.2557 1.660e-23 1.156e+03
 18300.0 0.6182 0.2537 1.648e-23 1.152e+03
 18410.0 0.6166 0.2517 1.636e-23 1.148e+03
 18510.0 0.6150 0.2497 1.623e-23 1.144e+03
 18620.0 0.6133 0.2477 1.611e-23 1.141e+03
 18730.0 0.6116 0.2456 1.599e-23 1.137e+03
 18840.0 0.6100 0.2435 1.587e-23 1.133e+03
 18950.0 0.6082 0.2414 1.575e-23 1.130e+03
 19050.0 0.6065 0.2393 1.563e-23 1.126e+03
 19160.0 0.6048 0.2371 1.551e-23 1.122e+03
 19280.0 0.6030 0.2349 1.539e-23 1.119e+03
 19390.0 0.6012 0.2327 1.527e-23 1.115e+03
 19500.0 0.5994 0.2304 1.515e-23 1.112e+03
 19610.0 0.5976 0.2281 1.504e-23 1.108e+03
 19720.0 0.5957 0.2258 1.492e-23 1.104e+03
 19840.0 0.5939 0.2235 1.480e-23 1.101e+03
 19950.0 0.5920 0.2211 1.469e-23 1.097e+03
 20070.0 0.5901 0.2187 1.457e-23 1.094e+03
 20180.0 0.5882 0.2163 1.446e-23 1.090e+03
 20300.0 0.5863 0.2138 1.435e-23 1.087e+03
 20420.0 0.5844 0.2113 1.423e-23 1.083e+03
 20540.0 0.5824 0.2088 1.412e-23 1.080e+03
 20650.0 0.5805 0.2063 1.401e-23 1.076e+03
 20770.0 0.5785 0.2037 1.390e-23 1.073e+03
 20890.0 0.5765 0.2011 1.379e-23 1.069e+03
 21010.0 0.5745 0.1985 1.368e-23 1.066e+03
 21130.0 0.5724 0.1958 1.357e-23 1.062e+03
 21260.0 0.5704 0.1931 1.346e-23 1.059e+03
 21380.0 0.5683 0.1904 1.335e-23 1.055e+03
 21500.0 0.5663 0.1877 1.324e-23 1.052e+03
 21630.0 0.5642 0.1849 1.314e-23 1.048e+03
 21750.0 0.5621 0.1821 1.303e-23 1.045e+03
 21880.0 0.5599 0.1792 1.292e-23 1.041e+03
 22000.0 0.5578 0.1764 1.282e-23 1.038e+03
 22130.0 0.5556 0.1735 1.271e-23 1.034e+03
 22260.0 0.5535 0.1706 1.261e-23 1.031e+03
 22390.0 0.5513 0.1677 1.250e-23 1.027e+03
 22520.0 0.5491 0.1648 1.240e-23 1.024e+03
 22650.0 0.5469 0.1618 1.230e-23 1.020e+03
 22780.0 0.5446 0.1589 1.219e-23 1.017e+03
 22910.0 0.5424 0.1559 1.209e-23 1.013e+03
 23040.0 0.5402 0.1529 1.199e-23 1.010e+03
 23170.0 0.5379 0.1499 1.189e-23 1.006e+03
 23310.0 0.5357 0.1469 1.179e-23 1.002e+03
 23440.0 0.5334 0.1439 1.169e-23 9.988e+02
 23580.0 0.5311 0.1409 1.159e-23 9.952e+02
 23710.0 0.5288 0.1378 1.149e-23 9.916e+02
 23850.0 0.5266 0.1348 1.140e-23 9.879e+02
 23990.0 0.5243 0.1318 1.130e-23 9.842e+02
 24130.0 0.5220 0.1288 1.120e-23 9.805e+02
 24270.0 0.5197 0.1257 1.111e-23 9.768e+02
 24410.0 0.5174 0.1227 1.101e-23 9.730e+02
 24550.0 0.5151 0.1197 1.092e-23 9.692e+02
 24690.0 0.5128 0.1167 1.082e-23 9.654e+02
 24830.0 0.5104 0.1137 1.073e-23 9.616e+02
 24970.0 0.5081 0.1107 1.063e-23 9.578e+02
 25120.0 0.5058 0.1077 1.054e-23 9.540e+02
 25260.0 0.5034 0.1048 1.045e-23 9.502e+02
 25410.0 0.5010 0.1019 1.036e-23 9.464e+02
 25560.0 0.4987 0.0989 1.027e-23 9.425e+02
 25700.0 0.4963 0.0960 1.018e-23 9.386e+02
 25850.0 0.4939 0.0932 1.009e-23 9.347e+02
 26000.0 0.4916 0.0903 9.999e-24 9.308e+02
 26150.0 0.4892 0.0875 9.910e-24 9.269e+02
 26300.0 0.4868 0.0847 9.822e-24 9.229e+02
 26450.0 0.4844 0.0819 9.734e-24 9.189e+02
 26610.0 0.4820 0.0791 9.646e-24 9.149e+02
 26760.0 0.4795 0.0763 9.558e-24 9.109e+02
 26920.0 0.4770 0.0736 9.472e-24 9.070e+02
 27070.0 0.4746 0.0709 9.386e-24 9.029e+02
 27230.0 0.4722 0.0683 9.301e-24 8.988e+02
 27380.0 0.4697 0.0657 9.216e-24 8.948e+02
 27540.0 0.4673 0.0631 9.131e-24 8.906e+02
 27700.0 0.4648 0.0606 9.047e-24 8.865e+02
 27860.0 0.4624 0.0581 8.964e-24 8.824e+02
 28020.0 0.4599 0.0556 8.881e-24 8.782e+02
 28180.0 0.4574 0.0532 8.798e-24 8.741e+02
 28350.0 0.4549 0.0508 8.716e-24 8.699e+02
 28510.0 0.4524 0.0485 8.634e-24 8.657e+02
