# lambda albedo      g      Cext         K
   100.0 0.3444 0.9861 1.729e-22 3.233e+04
   100.6 0.3426 0.9860 1.733e-22 3.249e+04
   101.2 0.3409 0.9859 1.736e-22 3.265e+04
   101.7 0.3391 0.9857 1.740e-22 3.280e+04
   102.3 0.3374 0.9856 1.744e-22 3.296e+04
   102.9 0.3356 0.9854 1.748e-22 3.312e+04
   103.5 0.3335 0.9853 1.750e-22 3.328e+04
   104.1 0.3304 0.9852 1.751e-22 3.344e+04
   104.7 0.3273 0.9852 1.751e-22 3.360e+04
   105.3 0.3215 0.9852 1.745e-22 3.378e+04
   105.9 0.3097 0.9855 1.726e-22 3.398e+04
   106.5 0.3083 0.9853 1.730e-22 3.414e+04
   107.2 0.3308 0.9873 1.520e-22 2.902e+04
   107.8 0.3295 0.9872 1.526e-22 2.918e+04
   108.4 0.3425 0.9865 1.562e-22 2.929e+04
   109.0 0.3499 0.9861 1.586e-22 2.941e+04
   109.6 0.3517 0.9858 1.598e-22 2.956e+04
   110.3 0.3533 0.9855 1.610e-22 2.970e+04
   110.9 0.3547 0.9852 1.621e-22 2.984e+04
   111.6 0.3558 0.9850 1.632e-22 2.999e+04
   112.2 0.3568 0.9847 1.642e-22 3.013e+04
   112.8 0.3576 0.9845 1.652e-22 3.028e+04
   113.5 0.3582 0.9842 1.662e-22 3.042e+04
   114.2 0.3587 0.9839 1.671e-22 3.057e+04
   114.8 0.3590 0.9837 1.680e-22 3.071e+04
   115.5 0.3592 0.9834 1.688e-22 3.086e+04
   116.1 0.3592 0.9832 1.696e-22 3.101e+04
   116.8 0.3591 0.9829 1.704e-22 3.115e+04
   117.5 0.3589 0.9827 1.712e-22 3.130e+04
   118.2 0.3585 0.9825 1.719e-22 3.145e+04
   118.9 0.3581 0.9822 1.725e-22 3.159e+04
   119.5 0.3575 0.9820 1.732e-22 3.174e+04
   120.2 0.3568 0.9818 1.738e-22 3.189e+04
   120.9 0.3561 0.9816 1.744e-22 3.203e+04
   121.6 0.3552 0.9814 1.750e-22 3.218e+04
   122.3 0.3543 0.9811 1.755e-22 3.232e+04
   123.0 0.3533 0.9809 1.760e-22 3.247e+04
   123.7 0.3522 0.9807 1.765e-22 3.261e+04
   124.5 0.3510 0.9805 1.770e-22 3.276e+04
   125.2 0.3498 0.9803 1.774e-22 3.290e+04
   125.9 0.3484 0.9801 1.778e-22 3.305e+04
   126.6 0.3470 0.9799 1.782e-22 3.320e+04
   127.4 0.3456 0.9797 1.786e-22 3.334e+04
   128.1 0.3381 0.9799 1.775e-22 3.351e+04
   128.8 0.3487 0.9797 1.763e-22 3.276e+04
   129.6 0.3491 0.9794 1.771e-22 3.289e+04
   130.3 0.3496 0.9791 1.780e-22 3.303e+04
   131.1 0.3493 0.9788 1.787e-22 3.316e+04
   131.8 0.3483 0.9786 1.792e-22 3.330e+04
   132.6 0.3468 0.9784 1.795e-22 3.345e+04
   133.4 0.3450 0.9782 1.798e-22 3.359e+04
   134.1 0.3448 0.9779 1.804e-22 3.372e+04
   134.9 0.3508 0.9782 1.772e-22 3.282e+04
   135.7 0.3518 0.9778 1.782e-22 3.295e+04
   136.5 0.3525 0.9775 1.791e-22 3.308e+04
   137.2 0.3531 0.9771 1.800e-22 3.321e+04
   138.0 0.3535 0.9768 1.808e-22 3.334e+04
   138.8 0.3534 0.9765 1.815e-22 3.347e+04
   139.6 0.3534 0.9762 1.822e-22 3.360e+04
   140.4 0.3533 0.9759 1.828e-22 3.373e+04
   141.3 0.3531 0.9755 1.835e-22 3.386e+04
   142.1 0.3530 0.9752 1.842e-22 3.399e+04
   142.9 0.3527 0.9749 1.848e-22 3.412e+04
   143.7 0.3525 0.9746 1.855e-22 3.425e+04
   144.5 0.3522 0.9743 1.861e-22 3.439e+04
   145.4 0.3520 0.9740 1.867e-22 3.452e+04
   146.2 0.3517 0.9736 1.873e-22 3.465e+04
   147.1 0.3513 0.9733 1.879e-22 3.477e+04
   147.9 0.3510 0.9730 1.885e-22 3.490e+04
   148.8 0.3506 0.9727 1.891e-22 3.503e+04
   149.6 0.3503 0.9724 1.897e-22 3.516e+04
   150.5 0.3499 0.9720 1.903e-22 3.529e+04
   151.4 0.3495 0.9717 1.909e-22 3.542e+04
   152.2 0.3491 0.9714 1.915e-22 3.555e+04
   153.1 0.3487 0.9710 1.920e-22 3.568e+04
   154.0 0.3483 0.9707 1.926e-22 3.580e+04
   154.9 0.3479 0.9704 1.932e-22 3.593e+04
   155.8 0.3475 0.9700 1.937e-22 3.606e+04
   156.7 0.3471 0.9697 1.943e-22 3.618e+04
   157.6 0.3467 0.9693 1.948e-22 3.631e+04
   158.5 0.3463 0.9690 1.954e-22 3.644e+04
   159.4 0.3459 0.9686 1.960e-22 3.656e+04
   160.3 0.3454 0.9683 1.965e-22 3.669e+04
   161.3 0.3450 0.9679 1.971e-22 3.682e+04
   162.2 0.3445 0.9676 1.976e-22 3.695e+04
   163.1 0.3441 0.9672 1.982e-22 3.708e+04
   164.1 0.3436 0.9669 1.987e-22 3.720e+04
   165.0 0.3431 0.9665 1.993e-22 3.733e+04
   166.0 0.3427 0.9661 1.998e-22 3.746e+04
   166.9 0.3423 0.9657 2.004e-22 3.759e+04
   167.9 0.3418 0.9654 2.009e-22 3.772e+04
   168.8 0.3414 0.9650 2.015e-22 3.786e+04
   169.8 0.3409 0.9646 2.021e-22 3.799e+04
   170.8 0.3403 0.9642 2.026e-22 3.812e+04
   171.8 0.3398 0.9638 2.032e-22 3.826e+04
   172.8 0.3392 0.9634 2.037e-22 3.839e+04
   173.8 0.3386 0.9630 2.042e-22 3.853e+04
   174.8 0.3380 0.9627 2.048e-22 3.867e+04
   175.8 0.3373 0.9623 2.053e-22 3.881e+04
   176.8 0.3367 0.9619 2.058e-22 3.894e+04
   177.8 0.3359 0.9615 2.063e-22 3.909e+04
   178.9 0.3350 0.9611 2.068e-22 3.923e+04
   179.9 0.3340 0.9607 2.073e-22 3.938e+04
   180.9 0.3330 0.9604 2.078e-22 3.953e+04
   182.0 0.3320 0.9600 2.083e-22 3.968e+04
   183.0 0.3310 0.9596 2.087e-22 3.983e+04
   184.1 0.3299 0.9593 2.092e-22 3.998e+04
   185.1 0.3288 0.9589 2.097e-22 4.014e+04
   186.2 0.3277 0.9585 2.101e-22 4.029e+04
   187.3 0.3266 0.9582 2.106e-22 4.045e+04
   188.4 0.3245 0.9579 2.108e-22 4.061e+04
   189.5 0.3212 0.9578 2.107e-22 4.079e+04
   190.5 0.3286 0.9592 2.026e-22 3.880e+04
   191.6 0.3293 0.9587 2.034e-22 3.891e+04
   192.8 0.3302 0.9581 2.042e-22 3.901e+04
   193.9 0.3311 0.9575 2.050e-22 3.912e+04
   195.0 0.3318 0.9569 2.059e-22 3.923e+04
   196.1 0.3325 0.9563 2.066e-22 3.935e+04
   197.2 0.3331 0.9557 2.074e-22 3.946e+04
   198.4 0.3335 0.9551 2.082e-22 3.958e+04
   199.5 0.3339 0.9545 2.090e-22 3.970e+04
   200.7 0.3343 0.9539 2.097e-22 3.982e+04
   201.8 0.3345 0.9534 2.104e-22 3.994e+04
   203.0 0.3347 0.9528 2.111e-22 4.007e+04
   204.2 0.3348 0.9522 2.118e-22 4.019e+04
   205.4 0.3349 0.9516 2.125e-22 4.032e+04
   206.5 0.3349 0.9511 2.132e-22 4.045e+04
   207.7 0.3348 0.9505 2.139e-22 4.058e+04
   208.9 0.3347 0.9499 2.145e-22 4.071e+04
   210.1 0.3346 0.9494 2.152e-22 4.084e+04
   211.3 0.3343 0.9488 2.158e-22 4.098e+04
   212.6 0.3341 0.9482 2.164e-22 4.111e+04
   213.8 0.3338 0.9477 2.170e-22 4.125e+04
   215.0 0.3334 0.9471 2.176e-22 4.138e+04
   216.3 0.3331 0.9465 2.182e-22 4.152e+04
   217.5 0.3328 0.9460 2.189e-22 4.165e+04
   218.8 0.3325 0.9454 2.195e-22 4.179e+04
   220.0 0.3322 0.9448 2.201e-22 4.192e+04
   221.3 0.3318 0.9442 2.207e-22 4.206e+04
   222.6 0.3314 0.9437 2.213e-22 4.220e+04
   223.9 0.3310 0.9431 2.219e-22 4.234e+04
   225.2 0.3305 0.9425 2.225e-22 4.248e+04
   226.5 0.3298 0.9420 2.230e-22 4.263e+04
   227.8 0.3288 0.9415 2.235e-22 4.278e+04
   229.1 0.3278 0.9409 2.240e-22 4.294e+04
   230.4 0.3310 0.9411 2.215e-22 4.226e+04
   231.7 0.3317 0.9402 2.226e-22 4.244e+04
   233.1 0.3321 0.9393 2.237e-22 4.262e+04
   234.4 0.3322 0.9385 2.247e-22 4.280e+04
   235.8 0.3321 0.9377 2.257e-22 4.299e+04
   237.1 0.3319 0.9369 2.266e-22 4.318e+04
   238.5 0.3316 0.9362 2.274e-22 4.336e+04
   239.9 0.3313 0.9354 2.283e-22 4.354e+04
   241.3 0.3310 0.9347 2.291e-22 4.372e+04
   242.7 0.3306 0.9339 2.299e-22 4.391e+04
   244.1 0.3302 0.9332 2.308e-22 4.409e+04
   245.5 0.3298 0.9324 2.316e-22 4.427e+04
   246.9 0.3294 0.9317 2.324e-22 4.446e+04
   248.3 0.3290 0.9309 2.333e-22 4.464e+04
   249.7 0.3286 0.9301 2.341e-22 4.483e+04
   251.2 0.3281 0.9294 2.349e-22 4.501e+04
   252.6 0.3277 0.9286 2.357e-22 4.520e+04
   254.1 0.3272 0.9278 2.365e-22 4.538e+04
   255.6 0.3267 0.9271 2.373e-22 4.557e+04
   257.0 0.3262 0.9263 2.381e-22 4.575e+04
   258.5 0.3257 0.9255 2.389e-22 4.594e+04
   260.0 0.3252 0.9247 2.397e-22 4.613e+04
   261.5 0.3247 0.9239 2.404e-22 4.631e+04
   263.0 0.3242 0.9232 2.412e-22 4.650e+04
   264.5 0.3237 0.9224 2.420e-22 4.669e+04
   266.1 0.3231 0.9216 2.428e-22 4.688e+04
   267.6 0.3226 0.9208 2.436e-22 4.706e+04
   269.2 0.3221 0.9200 2.443e-22 4.725e+04
   270.7 0.3215 0.9192 2.451e-22 4.743e+04
   272.3 0.3210 0.9184 2.458e-22 4.761e+04
   273.8 0.3205 0.9176 2.466e-22 4.780e+04
   275.4 0.3200 0.9168 2.473e-22 4.798e+04
   277.0 0.3194 0.9159 2.481e-22 4.816e+04
   278.6 0.3189 0.9151 2.488e-22 4.834e+04
   280.2 0.3184 0.9143 2.496e-22 4.852e+04
   281.8 0.3179 0.9135 2.503e-22 4.870e+04
   283.5 0.3173 0.9126 2.511e-22 4.889e+04
   285.1 0.3168 0.9118 2.518e-22 4.907e+04
   286.7 0.3162 0.9110 2.525e-22 4.925e+04
   288.4 0.3157 0.9101 2.533e-22 4.944e+04
   290.1 0.3152 0.9093 2.540e-22 4.962e+04
   291.7 0.3146 0.9084 2.548e-22 4.981e+04
   293.4 0.3141 0.9076 2.555e-22 4.999e+04
   295.1 0.3135 0.9067 2.562e-22 5.017e+04
   296.8 0.3130 0.9059 2.570e-22 5.036e+04
   298.5 0.3124 0.9050 2.577e-22 5.054e+04
   300.3 0.3119 0.9041 2.584e-22 5.072e+04
   302.0 0.3114 0.9033 2.592e-22 5.091e+04
   303.7 0.3108 0.9024 2.599e-22 5.109e+04
   305.5 0.3103 0.9015 2.606e-22 5.127e+04
   307.3 0.3098 0.9006 2.613e-22 5.145e+04
   309.0 0.3092 0.8998 2.620e-22 5.163e+04
   310.8 0.3087 0.8989 2.628e-22 5.181e+04
   312.6 0.3082 0.8980 2.635e-22 5.199e+04
   314.4 0.3077 0.8971 2.642e-22 5.217e+04
   316.2 0.3072 0.8962 2.649e-22 5.235e+04
   318.1 0.3067 0.8953 2.656e-22 5.253e+04
   319.9 0.3062 0.8944 2.663e-22 5.270e+04
   321.7 0.3057 0.8934 2.670e-22 5.288e+04
   323.6 0.3052 0.8925 2.677e-22 5.306e+04
   325.5 0.3047 0.8916 2.684e-22 5.323e+04
   327.3 0.3042 0.8907 2.691e-22 5.341e+04
   329.2 0.3037 0.8898 2.698e-22 5.358e+04
   331.1 0.3032 0.8889 2.704e-22 5.375e+04
   333.0 0.3027 0.8879 2.711e-22 5.393e+04
   335.0 0.3022 0.8870 2.718e-22 5.410e+04
   336.9 0.3017 0.8861 2.725e-22 5.427e+04
   338.8 0.3012 0.8851 2.731e-22 5.444e+04
   340.8 0.3007 0.8842 2.738e-22 5.462e+04
   342.8 0.3002 0.8833 2.745e-22 5.479e+04
   344.7 0.2997 0.8823 2.751e-22 5.496e+04
   346.7 0.2993 0.8814 2.758e-22 5.513e+04
   348.7 0.2988 0.8804 2.765e-22 5.530e+04
   350.8 0.2983 0.8794 2.771e-22 5.547e+04
   352.8 0.2978 0.8785 2.778e-22 5.564e+04
   354.8 0.2973 0.8775 2.784e-22 5.581e+04
   356.9 0.2968 0.8766 2.791e-22 5.598e+04
   358.9 0.2963 0.8757 2.797e-22 5.615e+04
   361.0 0.2958 0.8748 2.804e-22 5.632e+04
   363.1 0.2953 0.8738 2.810e-22 5.648e+04
   365.2 0.2949 0.8729 2.816e-22 5.664e+04
   367.3 0.2945 0.8720 2.821e-22 5.678e+04
   369.4 0.2941 0.8710 2.827e-22 5.691e+04
   371.5 0.2938 0.8701 2.832e-22 5.705e+04
   373.7 0.2935 0.8691 2.837e-22 5.718e+04
   375.8 0.2933 0.8681 2.843e-22 5.730e+04
   378.0 0.2930 0.8671 2.848e-22 5.744e+04
   380.2 0.2928 0.8660 2.854e-22 5.757e+04
   382.4 0.2926 0.8649 2.860e-22 5.771e+04
   384.6 0.2924 0.8638 2.866e-22 5.784e+04
   386.8 0.2922 0.8627 2.872e-22 5.798e+04
   389.0 0.2920 0.8616 2.878e-22 5.812e+04
   391.3 0.2918 0.8605 2.884e-22 5.826e+04
   393.6 0.2916 0.8593 2.890e-22 5.839e+04
   395.8 0.2915 0.8581 2.896e-22 5.853e+04
   398.1 0.2913 0.8570 2.902e-22 5.867e+04
   400.4 0.2911 0.8558 2.909e-22 5.881e+04
   402.7 0.2909 0.8546 2.915e-22 5.895e+04
   405.0 0.2908 0.8533 2.921e-22 5.909e+04
   407.4 0.2906 0.8521 2.927e-22 5.923e+04
   409.7 0.2904 0.8509 2.933e-22 5.937e+04
   412.1 0.2903 0.8496 2.939e-22 5.951e+04
   414.5 0.2902 0.8483 2.946e-22 5.964e+04
   416.9 0.2901 0.8470 2.952e-22 5.978e+04
   419.3 0.2900 0.8456 2.959e-22 5.992e+04
   421.7 0.2898 0.8443 2.965e-22 6.006e+04
   424.1 0.2897 0.8429 2.972e-22 6.020e+04
   426.6 0.2896 0.8415 2.978e-22 6.035e+04
   429.0 0.2894 0.8401 2.985e-22 6.050e+04
   431.5 0.2893 0.8388 2.992e-22 6.065e+04
   434.0 0.2891 0.8374 2.999e-22 6.081e+04
   436.5 0.2889 0.8360 3.006e-22 6.097e+04
   439.0 0.2887 0.8346 3.013e-22 6.112e+04
   441.6 0.2885 0.8332 3.020e-22 6.128e+04
   444.1 0.2884 0.8318 3.027e-22 6.143e+04
   446.7 0.2883 0.8304 3.034e-22 6.158e+04
   449.3 0.2882 0.8289 3.040e-22 6.173e+04
   451.9 0.2882 0.8275 3.047e-22 6.188e+04
   454.5 0.2881 0.8260 3.054e-22 6.202e+04
   457.1 0.2881 0.8245 3.062e-22 6.217e+04
   459.7 0.2880 0.8230 3.069e-22 6.232e+04
   462.4 0.2880 0.8215 3.076e-22 6.247e+04
   465.1 0.2879 0.8200 3.083e-22 6.263e+04
   467.7 0.2879 0.8184 3.091e-22 6.278e+04
   470.4 0.2879 0.8168 3.099e-22 6.294e+04
   473.2 0.2879 0.8152 3.106e-22 6.310e+04
   475.9 0.2879 0.8136 3.114e-22 6.325e+04
   478.6 0.2880 0.8120 3.122e-22 6.341e+04
   481.4 0.2880 0.8104 3.130e-22 6.356e+04
   484.2 0.2881 0.8087 3.138e-22 6.372e+04
   487.0 0.2882 0.8070 3.146e-22 6.388e+04
   489.8 0.2884 0.8052 3.155e-22 6.404e+04
   492.6 0.2885 0.8035 3.164e-22 6.420e+04
   495.5 0.2887 0.8017 3.172e-22 6.436e+04
   498.3 0.2889 0.7998 3.181e-22 6.452e+04
   501.2 0.2891 0.7980 3.190e-22 6.469e+04
   504.1 0.2894 0.7961 3.200e-22 6.486e+04
   507.0 0.2896 0.7941 3.209e-22 6.503e+04
   509.9 0.2900 0.7921 3.219e-22 6.520e+04
   512.9 0.2903 0.7901 3.229e-22 6.537e+04
   515.8 0.2907 0.7880 3.240e-22 6.555e+04
   518.8 0.2911 0.7859 3.251e-22 6.572e+04
   521.8 0.2916 0.7837 3.261e-22 6.590e+04
   524.8 0.2921 0.7814 3.273e-22 6.609e+04
   527.8 0.2927 0.7790 3.285e-22 6.628e+04
   530.9 0.2933 0.7766 3.298e-22 6.647e+04
   533.9 0.2939 0.7741 3.311e-22 6.668e+04
   537.0 0.2946 0.7716 3.324e-22 6.688e+04
   540.1 0.2952 0.7692 3.336e-22 6.708e+04
   543.3 0.2956 0.7670 3.347e-22 6.725e+04
   546.4 0.2962 0.7645 3.360e-22 6.745e+04
   549.5 0.2970 0.7617 3.375e-22 6.768e+04
   552.7 0.2979 0.7587 3.392e-22 6.793e+04
   555.9 0.2989 0.7555 3.411e-22 6.821e+04
   559.1 0.3002 0.7520 3.432e-22 6.851e+04
   562.3 0.3015 0.7483 3.455e-22 6.883e+04
   565.6 0.3047 0.7436 3.473e-22 6.888e+04
   568.9 0.3087 0.7381 3.494e-22 6.890e+04
   572.1 0.3124 0.7324 3.522e-22 6.908e+04
   575.4 0.3156 0.7264 3.556e-22 6.943e+04
   578.8 0.3183 0.7203 3.596e-22 6.993e+04
   582.1 0.3194 0.7151 3.650e-22 7.086e+04
   585.5 0.3212 0.7085 3.705e-22 7.173e+04
   588.8 0.3226 0.7018 3.765e-22 7.274e+04
   592.2 0.3219 0.6946 3.855e-22 7.456e+04
   595.7 0.3193 0.6873 3.970e-22 7.708e+04
   599.1 0.3164 0.6804 4.089e-22 7.973e+04
   602.6 0.3133 0.6736 4.212e-22 8.251e+04
   606.0 0.3098 0.6672 4.339e-22 8.542e+04
   609.5 0.3062 0.6609 4.471e-22 8.848e+04
   613.1 0.3025 0.6548 4.609e-22 9.170e+04
   616.6 0.2986 0.6489 4.751e-22 9.506e+04
   620.2 0.2946 0.6433 4.898e-22 9.855e+04
   623.7 0.2903 0.6396 5.019e-22 1.016e+05
   627.3 0.2862 0.6362 5.136e-22 1.046e+05
   631.0 0.2823 0.6331 5.250e-22 1.075e+05
   634.6 0.2786 0.6302 5.358e-22 1.103e+05
   638.3 0.2751 0.6276 5.462e-22 1.129e+05
   641.9 0.2717 0.6253 5.560e-22 1.155e+05
   645.7 0.2686 0.6232 5.652e-22 1.179e+05
   649.4 0.2657 0.6213 5.738e-22 1.202e+05
   653.1 0.2630 0.6195 5.817e-22 1.223e+05
   656.9 0.2608 0.6179 5.883e-22 1.241e+05
   660.7 0.2588 0.6164 5.945e-22 1.257e+05
   664.5 0.2569 0.6150 6.000e-22 1.272e+05
   668.3 0.2553 0.6137 6.050e-22 1.285e+05
   672.2 0.2537 0.6125 6.095e-22 1.297e+05
   676.1 0.2524 0.6114 6.134e-22 1.308e+05
   680.0 0.2511 0.6104 6.169e-22 1.318e+05
   683.9 0.2500 0.6095 6.198e-22 1.326e+05
   687.9 0.2490 0.6087 6.223e-22 1.333e+05
   691.8 0.2481 0.6078 6.246e-22 1.339e+05
   695.8 0.2474 0.6069 6.266e-22 1.345e+05
   699.8 0.2467 0.6061 6.283e-22 1.350e+05
   703.9 0.2462 0.6053 6.296e-22 1.354e+05
   707.9 0.2457 0.6045 6.306e-22 1.357e+05
   712.0 0.2454 0.6038 6.312e-22 1.359e+05
   716.1 0.2451 0.6031 6.314e-22 1.360e+05
   720.3 0.2450 0.6025 6.313e-22 1.360e+05
   724.4 0.2449 0.6019 6.309e-22 1.359e+05
   728.6 0.2449 0.6013 6.302e-22 1.357e+05
   732.8 0.2483 0.5828 6.657e-22 1.427e+05
   737.1 0.2485 0.5838 6.606e-22 1.416e+05
   741.3 0.2487 0.5849 6.553e-22 1.404e+05
   745.6 0.2489 0.5861 6.497e-22 1.392e+05
   749.9 0.2491 0.5873 6.439e-22 1.379e+05
   754.2 0.2494 0.5886 6.380e-22 1.366e+05
   758.6 0.2496 0.5900 6.320e-22 1.353e+05
   763.0 0.2497 0.5915 6.258e-22 1.339e+05
   767.4 0.2498 0.5931 6.194e-22 1.325e+05
   771.8 0.2499 0.5948 6.130e-22 1.312e+05
   776.2 0.2502 0.5962 6.070e-22 1.298e+05
   780.7 0.2510 0.5967 6.023e-22 1.287e+05
   785.2 0.2518 0.5972 5.976e-22 1.275e+05
   789.8 0.2527 0.5976 5.930e-22 1.264e+05
   794.3 0.2535 0.5980 5.885e-22 1.253e+05
   798.9 0.2544 0.5984 5.839e-22 1.242e+05
   803.5 0.2552 0.5988 5.795e-22 1.231e+05
   808.2 0.2560 0.5993 5.750e-22 1.220e+05
   812.8 0.2568 0.5997 5.707e-22 1.210e+05
   817.5 0.2576 0.6001 5.664e-22 1.199e+05
   822.2 0.2583 0.6006 5.621e-22 1.189e+05
   827.0 0.2590 0.6010 5.579e-22 1.179e+05
   831.8 0.2593 0.6014 5.545e-22 1.172e+05
   836.6 0.2595 0.6017 5.512e-22 1.164e+05
   841.4 0.2596 0.6020 5.481e-22 1.157e+05
   846.3 0.2597 0.6022 5.451e-22 1.151e+05
   851.1 0.2596 0.6025 5.423e-22 1.145e+05
   856.1 0.2595 0.6027 5.396e-22 1.140e+05
   861.0 0.2593 0.6029 5.370e-22 1.135e+05
   866.0 0.2591 0.6031 5.346e-22 1.130e+05
   871.0 0.2587 0.6033 5.323e-22 1.125e+05
   876.0 0.2583 0.6035 5.301e-22 1.121e+05
   881.0 0.2578 0.6036 5.280e-22 1.118e+05
   886.1 0.2574 0.6035 5.262e-22 1.115e+05
   891.3 0.2583 0.6014 5.263e-22 1.113e+05
   896.4 0.2593 0.5990 5.266e-22 1.113e+05
   901.6 0.2606 0.5964 5.272e-22 1.112e+05
   906.8 0.2619 0.5934 5.280e-22 1.112e+05
   912.0 0.2634 0.5904 5.289e-22 1.111e+05
   917.3 0.2649 0.5887 5.275e-22 1.106e+05
   922.6 0.2665 0.5872 5.256e-22 1.100e+05
   927.9 0.2681 0.5859 5.233e-22 1.093e+05
   933.3 0.2697 0.5848 5.207e-22 1.085e+05
   938.6 0.2712 0.5838 5.181e-22 1.077e+05
   944.1 0.2727 0.5830 5.154e-22 1.069e+05
   949.5 0.2742 0.5822 5.125e-22 1.061e+05
   955.0 0.2756 0.5815 5.096e-22 1.053e+05
   960.5 0.2770 0.5809 5.066e-22 1.045e+05
   966.1 0.2785 0.5803 5.036e-22 1.036e+05
   971.6 0.2799 0.5798 5.005e-22 1.028e+05
   977.2 0.2813 0.5793 4.974e-22 1.020e+05
   982.9 0.2827 0.5788 4.943e-22 1.011e+05
   988.6 0.2841 0.5784 4.911e-22 1.003e+05
   994.3 0.2856 0.5781 4.880e-22 9.944e+04
  1000.0 0.2871 0.5777 4.848e-22 9.857e+04
  1006.0 0.2888 0.5772 4.816e-22 9.770e+04
  1012.0 0.2905 0.5768 4.783e-22 9.680e+04
  1017.0 0.2922 0.5765 4.748e-22 9.586e+04
  1023.0 0.2940 0.5764 4.713e-22 9.490e+04
  1029.0 0.2959 0.5766 4.671e-22 9.381e+04
  1035.0 0.2978 0.5770 4.628e-22 9.270e+04
  1041.0 0.2996 0.5776 4.585e-22 9.159e+04
  1047.0 0.3014 0.5782 4.542e-22 9.050e+04
  1053.0 0.3030 0.5789 4.500e-22 8.947e+04
  1059.0 0.3042 0.5797 4.461e-22 8.853e+04
  1065.0 0.3054 0.5805 4.423e-22 8.762e+04
  1072.0 0.3065 0.5813 4.385e-22 8.674e+04
  1078.0 0.3076 0.5821 4.349e-22 8.590e+04
  1084.0 0.3086 0.5829 4.314e-22 8.508e+04
  1090.0 0.3097 0.5835 4.281e-22 8.429e+04
  1096.0 0.3107 0.5841 4.248e-22 8.352e+04
  1103.0 0.3118 0.5847 4.216e-22 8.276e+04
  1109.0 0.3128 0.5853 4.185e-22 8.203e+04
  1116.0 0.3138 0.5859 4.154e-22 8.131e+04
  1122.0 0.3148 0.5864 4.125e-22 8.061e+04
  1128.0 0.3159 0.5870 4.095e-22 7.991e+04
  1135.0 0.3169 0.5875 4.066e-22 7.923e+04
  1142.0 0.3179 0.5881 4.038e-22 7.856e+04
  1148.0 0.3190 0.5886 4.010e-22 7.790e+04
  1155.0 0.3200 0.5889 3.983e-22 7.725e+04
  1161.0 0.3211 0.5893 3.956e-22 7.660e+04
  1168.0 0.3223 0.5896 3.930e-22 7.597e+04
  1175.0 0.3234 0.5898 3.904e-22 7.534e+04
  1182.0 0.3245 0.5901 3.878e-22 7.472e+04
  1189.0 0.3257 0.5903 3.852e-22 7.410e+04
  1195.0 0.3269 0.5905 3.827e-22 7.349e+04
  1202.0 0.3280 0.5906 3.803e-22 7.288e+04
  1209.0 0.3293 0.5908 3.778e-22 7.228e+04
  1216.0 0.3305 0.5909 3.754e-22 7.169e+04
  1223.0 0.3317 0.5910 3.730e-22 7.110e+04
  1230.0 0.3329 0.5911 3.707e-22 7.053e+04
  1237.0 0.3342 0.5911 3.683e-22 6.995e+04
  1245.0 0.3355 0.5911 3.660e-22 6.938e+04
  1252.0 0.3367 0.5911 3.638e-22 6.882e+04
  1259.0 0.3380 0.5911 3.615e-22 6.826e+04
  1266.0 0.3394 0.5911 3.593e-22 6.770e+04
  1274.0 0.3407 0.5910 3.571e-22 6.715e+04
  1281.0 0.3420 0.5909 3.549e-22 6.660e+04
  1288.0 0.3434 0.5908 3.527e-22 6.606e+04
  1296.0 0.3448 0.5906 3.506e-22 6.552e+04
  1303.0 0.3462 0.5904 3.484e-22 6.498e+04
  1311.0 0.3477 0.5902 3.464e-22 6.445e+04
  1318.0 0.3491 0.5900 3.443e-22 6.392e+04
  1326.0 0.3506 0.5897 3.423e-22 6.340e+04
  1334.0 0.3520 0.5894 3.402e-22 6.288e+04
  1341.0 0.3536 0.5890 3.383e-22 6.237e+04
  1349.0 0.3551 0.5886 3.363e-22 6.186e+04
  1357.0 0.3568 0.5882 3.343e-22 6.134e+04
  1365.0 0.3584 0.5877 3.324e-22 6.083e+04
  1372.0 0.3601 0.5871 3.305e-22 6.032e+04
  1380.0 0.3619 0.5865 3.286e-22 5.981e+04
  1388.0 0.3638 0.5858 3.268e-22 5.930e+04
  1396.0 0.3657 0.5850 3.250e-22 5.879e+04
  1404.0 0.3678 0.5842 3.231e-22 5.827e+04
  1413.0 0.3701 0.5832 3.213e-22 5.774e+04
  1421.0 0.3727 0.5821 3.195e-22 5.717e+04
  1429.0 0.3757 0.5810 3.175e-22 5.655e+04
  1437.0 0.3792 0.5800 3.154e-22 5.586e+04
  1445.0 0.3831 0.5789 3.131e-22 5.510e+04
  1454.0 0.3873 0.5781 3.107e-22 5.429e+04
  1462.0 0.3918 0.5774 3.080e-22 5.344e+04
  1471.0 0.3965 0.5769 3.053e-22 5.256e+04
  1479.0 0.4012 0.5764 3.025e-22 5.167e+04
  1488.0 0.4061 0.5760 2.997e-22 5.077e+04
  1496.0 0.4115 0.5758 2.967e-22 4.981e+04
  1505.0 0.4170 0.5756 2.937e-22 4.883e+04
  1514.0 0.4227 0.5753 2.907e-22 4.786e+04
  1522.0 0.4285 0.5751 2.877e-22 4.690e+04
  1531.0 0.4345 0.5749 2.847e-22 4.593e+04
  1540.0 0.4406 0.5746 2.818e-22 4.496e+04
  1549.0 0.4470 0.5744 2.788e-22 4.398e+04
  1558.0 0.4532 0.5741 2.759e-22 4.302e+04
  1567.0 0.4596 0.5739 2.730e-22 4.208e+04
  1576.0 0.4660 0.5736 2.701e-22 4.114e+04
  1585.0 0.4726 0.5733 2.672e-22 4.019e+04
  1594.0 0.4794 0.5730 2.644e-22 3.926e+04
  1603.0 0.4863 0.5726 2.615e-22 3.832e+04
  1613.0 0.4932 0.5722 2.588e-22 3.741e+04
  1622.0 0.5003 0.5716 2.561e-22 3.650e+04
  1631.0 0.5075 0.5710 2.534e-22 3.560e+04
  1641.0 0.5148 0.5704 2.508e-22 3.471e+04
  1650.0 0.5221 0.5698 2.482e-22 3.384e+04
  1660.0 0.5292 0.5692 2.457e-22 3.299e+04
  1669.0 0.5364 0.5685 2.432e-22 3.217e+04
  1679.0 0.5436 0.5678 2.408e-22 3.135e+04
  1688.0 0.5509 0.5670 2.385e-22 3.055e+04
  1698.0 0.5582 0.5662 2.361e-22 2.976e+04
  1708.0 0.5653 0.5655 2.339e-22 2.900e+04
  1718.0 0.5724 0.5647 2.316e-22 2.825e+04
  1728.0 0.5796 0.5639 2.294e-22 2.751e+04
  1738.0 0.5868 0.5631 2.273e-22 2.679e+04
  1748.0 0.5940 0.5623 2.252e-22 2.608e+04
  1758.0 0.6011 0.5614 2.231e-22 2.539e+04
  1768.0 0.6082 0.5605 2.211e-22 2.471e+04
  1778.0 0.6153 0.5596 2.192e-22 2.405e+04
  1789.0 0.6223 0.5587 2.172e-22 2.340e+04
  1799.0 0.6292 0.5578 2.153e-22 2.277e+04
  1809.0 0.6360 0.5570 2.134e-22 2.216e+04
  1820.0 0.6427 0.5562 2.115e-22 2.156e+04
  1830.0 0.6493 0.5554 2.098e-22 2.098e+04
  1841.0 0.6556 0.5547 2.080e-22 2.043e+04
  1851.0 0.6618 0.5540 2.064e-22 1.991e+04
  1862.0 0.6677 0.5533 2.048e-22 1.941e+04
  1873.0 0.6734 0.5525 2.032e-22 1.893e+04
  1884.0 0.6789 0.5518 2.016e-22 1.847e+04
  1895.0 0.6842 0.5510 2.001e-22 1.802e+04
  1905.0 0.6897 0.5504 1.985e-22 1.757e+04
  1916.0 0.6953 0.5497 1.969e-22 1.712e+04
  1928.0 0.7008 0.5492 1.954e-22 1.668e+04
  1939.0 0.7060 0.5488 1.940e-22 1.627e+04
  1950.0 0.7108 0.5483 1.926e-22 1.589e+04
  1961.0 0.7154 0.5478 1.914e-22 1.554e+04
  1972.0 0.7196 0.5472 1.902e-22 1.521e+04
  1984.0 0.7236 0.5464 1.890e-22 1.490e+04
  1995.0 0.7275 0.5457 1.878e-22 1.460e+04
  2007.0 0.7312 0.5451 1.866e-22 1.430e+04
  2018.0 0.7349 0.5446 1.853e-22 1.401e+04
  2030.0 0.7385 0.5444 1.840e-22 1.373e+04
  2042.0 0.7418 0.5444 1.828e-22 1.346e+04
  2054.0 0.7447 0.5445 1.816e-22 1.323e+04
  2065.0 0.7472 0.5445 1.806e-22 1.302e+04
  2077.0 0.7494 0.5444 1.796e-22 1.284e+04
  2089.0 0.7513 0.5442 1.787e-22 1.268e+04
  2101.0 0.7530 0.5438 1.777e-22 1.252e+04
  2113.0 0.7550 0.5434 1.767e-22 1.235e+04
  2126.0 0.7570 0.5429 1.757e-22 1.218e+04
  2138.0 0.7590 0.5427 1.745e-22 1.200e+04
  2150.0 0.7609 0.5428 1.733e-22 1.182e+04
  2163.0 0.7628 0.5432 1.720e-22 1.164e+04
  2175.0 0.7644 0.5438 1.707e-22 1.148e+04
  2188.0 0.7658 0.5444 1.695e-22 1.133e+04
  2200.0 0.7669 0.5449 1.683e-22 1.119e+04
  2213.0 0.7679 0.5453 1.672e-22 1.107e+04
  2226.0 0.7684 0.5457 1.660e-22 1.097e+04
  2239.0 0.7689 0.5459 1.648e-22 1.086e+04
  2252.0 0.7695 0.5461 1.635e-22 1.075e+04
  2265.0 0.7700 0.5463 1.622e-22 1.065e+04
  2278.0 0.7705 0.5466 1.609e-22 1.053e+04
  2291.0 0.7712 0.5471 1.595e-22 1.041e+04
  2304.0 0.7721 0.5478 1.581e-22 1.028e+04
  2317.0 0.7730 0.5485 1.567e-22 1.015e+04
  2331.0 0.7738 0.5491 1.555e-22 1.003e+04
  2344.0 0.7746 0.5497 1.542e-22 9.913e+03
  2358.0 0.7754 0.5501 1.530e-22 9.802e+03
  2371.0 0.7761 0.5504 1.518e-22 9.698e+03
  2385.0 0.7767 0.5505 1.507e-22 9.596e+03
  2399.0 0.7773 0.5506 1.495e-22 9.496e+03
  2413.0 0.7779 0.5506 1.483e-22 9.393e+03
  2427.0 0.7785 0.5507 1.470e-22 9.291e+03
  2441.0 0.7791 0.5509 1.458e-22 9.187e+03
  2455.0 0.7797 0.5513 1.445e-22 9.080e+03
  2469.0 0.7803 0.5518 1.433e-22 8.979e+03
  2483.0 0.7808 0.5524 1.421e-22 8.887e+03
  2497.0 0.7812 0.5529 1.410e-22 8.804e+03
  2512.0 0.7815 0.5534 1.400e-22 8.725e+03
  2526.0 0.7817 0.5538 1.389e-22 8.653e+03
  2541.0 0.7817 0.5541 1.379e-22 8.588e+03
  2556.0 0.7817 0.5543 1.370e-22 8.528e+03
  2570.0 0.7816 0.5543 1.360e-22 8.469e+03
  2585.0 0.7816 0.5544 1.350e-22 8.408e+03
  2600.0 0.7816 0.5544 1.339e-22 8.344e+03
  2615.0 0.7816 0.5546 1.329e-22 8.278e+03
  2630.0 0.7817 0.5549 1.318e-22 8.210e+03
  2645.0 0.7817 0.5553 1.308e-22 8.144e+03
  2661.0 0.7817 0.5557 1.299e-22 8.084e+03
  2676.0 0.7817 0.5561 1.289e-22 8.030e+03
  2692.0 0.7816 0.5565 1.280e-22 7.978e+03
  2707.0 0.7814 0.5569 1.272e-22 7.928e+03
  2723.0 0.7812 0.5572 1.263e-22 7.883e+03
  2738.0 0.7810 0.5574 1.255e-22 7.841e+03
  2754.0 0.7806 0.5575 1.247e-22 7.802e+03
  2770.0 0.7803 0.5575 1.239e-22 7.761e+03
  2786.0 0.7800 0.5575 1.230e-22 7.719e+03
  2802.0 0.7797 0.5576 1.221e-22 7.673e+03
  2818.0 0.7795 0.5578 1.212e-22 7.625e+03
  2835.0 0.7793 0.5581 1.204e-22 7.576e+03
  2851.0 0.7791 0.5585 1.195e-22 7.531e+03
  2867.0 0.7789 0.5590 1.187e-22 7.489e+03
  2884.0 0.7786 0.5594 1.180e-22 7.449e+03
  2901.0 0.7784 0.5597 1.172e-22 7.410e+03
  2917.0 0.7781 0.5600 1.165e-22 7.372e+03
  2934.0 0.7778 0.5603 1.158e-22 7.337e+03
  2951.0 0.7775 0.5604 1.151e-22 7.303e+03
  2968.0 0.7771 0.5604 1.144e-22 7.270e+03
  2985.0 0.7768 0.5604 1.136e-22 7.234e+03
  3003.0 0.7765 0.5604 1.129e-22 7.196e+03
  3020.0 0.7762 0.5605 1.121e-22 7.156e+03
  3037.0 0.7761 0.5607 1.113e-22 7.112e+03
  3055.0 0.7760 0.5610 1.106e-22 7.066e+03
  3073.0 0.7758 0.5613 1.098e-22 7.023e+03
  3090.0 0.7757 0.5617 1.091e-22 6.982e+03
  3108.0 0.7755 0.5620 1.084e-22 6.944e+03
  3126.0 0.7754 0.5623 1.078e-22 6.906e+03
  3144.0 0.7752 0.5626 1.071e-22 6.869e+03
  3162.0 0.7750 0.5628 1.065e-22 6.834e+03
  3181.0 0.7747 0.5630 1.058e-22 6.799e+03
  3199.0 0.7745 0.5630 1.052e-22 6.765e+03
  3217.0 0.7742 0.5631 1.045e-22 6.728e+03
  3236.0 0.7741 0.5631 1.038e-22 6.690e+03
  3255.0 0.7739 0.5632 1.031e-22 6.649e+03
  3273.0 0.7738 0.5634 1.024e-22 6.607e+03
  3292.0 0.7737 0.5637 1.017e-22 6.566e+03
  3311.0 0.7736 0.5640 1.010e-22 6.526e+03
  3330.0 0.7734 0.5644 1.004e-22 6.488e+03
  3350.0 0.7733 0.5647 9.978e-23 6.452e+03
  3369.0 0.7731 0.5650 9.917e-23 6.417e+03
  3388.0 0.7729 0.5652 9.857e-23 6.384e+03
  3408.0 0.7727 0.5654 9.798e-23 6.351e+03
  3428.0 0.7725 0.5655 9.739e-23 6.319e+03
  3447.0 0.7723 0.5655 9.679e-23 6.286e+03
  3467.0 0.7721 0.5655 9.618e-23 6.252e+03
  3487.0 0.7719 0.5655 9.556e-23 6.216e+03
  3508.0 0.7718 0.5656 9.493e-23 6.179e+03
  3528.0 0.7717 0.5657 9.430e-23 6.141e+03
  3548.0 0.7716 0.5659 9.367e-23 6.102e+03
  3569.0 0.7715 0.5661 9.306e-23 6.065e+03
  3589.0 0.7714 0.5664 9.246e-23 6.029e+03
  3610.0 0.7713 0.5666 9.189e-23 5.995e+03
  3631.0 0.7711 0.5669 9.132e-23 5.963e+03
  3652.0 0.7709 0.5670 9.077e-23 5.931e+03
  3673.0 0.7707 0.5672 9.022e-23 5.901e+03
  3694.0 0.7705 0.5672 8.967e-23 5.870e+03
  3715.0 0.7702 0.5672 8.911e-23 5.840e+03
  3737.0 0.7700 0.5672 8.854e-23 5.808e+03
  3758.0 0.7698 0.5671 8.796e-23 5.775e+03
  3780.0 0.7697 0.5671 8.738e-23 5.741e+03
  3802.0 0.7695 0.5671 8.679e-23 5.706e+03
  3824.0 0.7693 0.5672 8.621e-23 5.672e+03
  3846.0 0.7692 0.5673 8.564e-23 5.638e+03
  3868.0 0.7691 0.5675 8.508e-23 5.604e+03
  3890.0 0.7689 0.5676 8.453e-23 5.572e+03
  3913.0 0.7687 0.5677 8.399e-23 5.542e+03
  3936.0 0.7685 0.5678 8.347e-23 5.512e+03
  3958.0 0.7683 0.5678 8.294e-23 5.482e+03
  3981.0 0.7680 0.5678 8.242e-23 5.453e+03
  4004.0 0.7678 0.5677 8.189e-23 5.424e+03
  4027.0 0.7676 0.5676 8.135e-23 5.393e+03
  4050.0 0.7674 0.5675 8.081e-23 5.362e+03
  4074.0 0.7672 0.5674 8.026e-23 5.331e+03
  4097.0 0.7670 0.5673 7.971e-23 5.299e+03
  4121.0 0.7668 0.5672 7.916e-23 5.266e+03
  4145.0 0.7666 0.5672 7.862e-23 5.234e+03
  4169.0 0.7664 0.5672 7.809e-23 5.203e+03
  4193.0 0.7662 0.5672 7.756e-23 5.172e+03
  4217.0 0.7660 0.5672 7.704e-23 5.142e+03
  4241.0 0.7658 0.5671 7.653e-23 5.112e+03
  4266.0 0.7656 0.5670 7.602e-23 5.084e+03
  4290.0 0.7653 0.5669 7.551e-23 5.055e+03
  4315.0 0.7651 0.5668 7.500e-23 5.026e+03
  4340.0 0.7648 0.5666 7.449e-23 4.997e+03
  4365.0 0.7646 0.5663 7.398e-23 4.968e+03
  4390.0 0.7643 0.5661 7.346e-23 4.939e+03
  4416.0 0.7640 0.5659 7.294e-23 4.909e+03
  4441.0 0.7638 0.5657 7.242e-23 4.879e+03
  4467.0 0.7635 0.5655 7.190e-23 4.850e+03
  4493.0 0.7633 0.5653 7.139e-23 4.821e+03
  4519.0 0.7630 0.5652 7.088e-23 4.792e+03
  4545.0 0.7627 0.5650 7.037e-23 4.764e+03
  4571.0 0.7624 0.5648 6.987e-23 4.736e+03
  4597.0 0.7621 0.5646 6.938e-23 4.708e+03
  4624.0 0.7618 0.5643 6.889e-23 4.681e+03
  4651.0 0.7614 0.5641 6.840e-23 4.654e+03
  4677.0 0.7611 0.5637 6.791e-23 4.628e+03
  4704.0 0.7607 0.5634 6.741e-23 4.601e+03
  4732.0 0.7604 0.5631 6.692e-23 4.574e+03
  4759.0 0.7600 0.5627 6.643e-23 4.547e+03
  4786.0 0.7597 0.5623 6.594e-23 4.520e+03
  4814.0 0.7593 0.5620 6.545e-23 4.493e+03
  4842.0 0.7590 0.5616 6.496e-23 4.466e+03
  4870.0 0.7586 0.5612 6.447e-23 4.440e+03
  4898.0 0.7582 0.5608 6.399e-23 4.414e+03
  4926.0 0.7578 0.5605 6.351e-23 4.388e+03
  4955.0 0.7574 0.5601 6.304e-23 4.362e+03
  4983.0 0.7570 0.5596 6.257e-23 4.337e+03
  5012.0 0.7566 0.5592 6.209e-23 4.311e+03
  5041.0 0.7562 0.5587 6.162e-23 4.286e+03
  5070.0 0.7557 0.5582 6.116e-23 4.261e+03
  5099.0 0.7553 0.5577 6.069e-23 4.236e+03
  5129.0 0.7548 0.5572 6.022e-23 4.211e+03
  5158.0 0.7544 0.5567 5.976e-23 4.187e+03
  5188.0 0.7539 0.5561 5.930e-23 4.162e+03
  5218.0 0.7535 0.5556 5.884e-23 4.137e+03
  5248.0 0.7530 0.5550 5.838e-23 4.113e+03
  5278.0 0.7525 0.5544 5.792e-23 4.089e+03
  5309.0 0.7520 0.5539 5.747e-23 4.065e+03
  5339.0 0.7515 0.5533 5.701e-23 4.041e+03
  5370.0 0.7510 0.5526 5.656e-23 4.017e+03
  5401.0 0.7505 0.5520 5.612e-23 3.993e+03
  5433.0 0.7500 0.5514 5.567e-23 3.970e+03
  5464.0 0.7495 0.5507 5.522e-23 3.946e+03
  5495.0 0.7489 0.5500 5.478e-23 3.923e+03
  5527.0 0.7484 0.5493 5.434e-23 3.900e+03
  5559.0 0.7479 0.5486 5.391e-23 3.877e+03
  5591.0 0.7473 0.5479 5.347e-23 3.854e+03
  5623.0 0.7467 0.5471 5.304e-23 3.831e+03
  5656.0 0.7462 0.5464 5.261e-23 3.809e+03
  5689.0 0.7456 0.5456 5.218e-23 3.786e+03
  5721.0 0.7450 0.5448 5.175e-23 3.764e+03
  5754.0 0.7444 0.5440 5.133e-23 3.742e+03
  5788.0 0.7438 0.5432 5.090e-23 3.720e+03
  5821.0 0.7432 0.5424 5.048e-23 3.698e+03
  5855.0 0.7426 0.5415 5.006e-23 3.676e+03
  5888.0 0.7420 0.5407 4.965e-23 3.654e+03
  5922.0 0.7413 0.5398 4.923e-23 3.633e+03
  5957.0 0.7407 0.5389 4.882e-23 3.611e+03
  5991.0 0.7400 0.5380 4.841e-23 3.590e+03
  6026.0 0.7394 0.5371 4.800e-23 3.568e+03
  6060.0 0.7387 0.5362 4.760e-23 3.547e+03
  6095.0 0.7380 0.5352 4.719e-23 3.526e+03
  6131.0 0.7374 0.5343 4.679e-23 3.506e+03
  6166.0 0.7367 0.5333 4.640e-23 3.485e+03
  6202.0 0.7360 0.5324 4.600e-23 3.464e+03
  6237.0 0.7353 0.5314 4.561e-23 3.444e+03
  6273.0 0.7346 0.5303 4.522e-23 3.423e+03
  6310.0 0.7338 0.5293 4.483e-23 3.403e+03
  6346.0 0.7331 0.5283 4.444e-23 3.383e+03
  6383.0 0.7324 0.5272 4.406e-23 3.363e+03
  6419.0 0.7316 0.5261 4.367e-23 3.343e+03
  6457.0 0.7309 0.5250 4.329e-23 3.323e+03
  6494.0 0.7301 0.5239 4.291e-23 3.303e+03
  6531.0 0.7294 0.5228 4.254e-23 3.284e+03
  6569.0 0.7286 0.5217 4.217e-23 3.264e+03
  6607.0 0.7278 0.5206 4.180e-23 3.245e+03
  6645.0 0.7270 0.5194 4.143e-23 3.226e+03
  6683.0 0.7262 0.5182 4.107e-23 3.207e+03
  6722.0 0.7254 0.5170 4.070e-23 3.188e+03
  6761.0 0.7246 0.5158 4.034e-23 3.169e+03
  6800.0 0.7238 0.5146 3.998e-23 3.150e+03
  6839.0 0.7230 0.5134 3.963e-23 3.131e+03
  6879.0 0.7222 0.5121 3.927e-23 3.112e+03
  6918.0 0.7213 0.5108 3.892e-23 3.094e+03
  6958.0 0.7205 0.5095 3.857e-23 3.075e+03
  6998.0 0.7196 0.5083 3.823e-23 3.057e+03
  7039.0 0.7188 0.5069 3.788e-23 3.039e+03
  7079.0 0.7179 0.5056 3.754e-23 3.021e+03
  7120.0 0.7170 0.5043 3.720e-23 3.003e+03
  7161.0 0.7161 0.5029 3.687e-23 2.985e+03
  7203.0 0.7152 0.5016 3.653e-23 2.967e+03
  7244.0 0.7143 0.5002 3.620e-23 2.950e+03
  7286.0 0.7134 0.4988 3.587e-23 2.932e+03
  7328.0 0.7125 0.4974 3.554e-23 2.915e+03
  7371.0 0.7116 0.4959 3.522e-23 2.897e+03
  7413.0 0.7107 0.4945 3.489e-23 2.880e+03
  7456.0 0.7097 0.4930 3.457e-23 2.863e+03
  7499.0 0.7088 0.4916 3.425e-23 2.845e+03
  7542.0 0.7078 0.4901 3.394e-23 2.828e+03
  7586.0 0.7069 0.4886 3.362e-23 2.811e+03
  7630.0 0.7059 0.4871 3.331e-23 2.794e+03
  7674.0 0.7050 0.4856 3.301e-23 2.778e+03
  7718.0 0.7040 0.4841 3.270e-23 2.761e+03
  7762.0 0.7030 0.4826 3.240e-23 2.745e+03
  7807.0 0.7020 0.4810 3.210e-23 2.728e+03
  7852.0 0.7010 0.4795 3.180e-23 2.712e+03
  7898.0 0.7000 0.4779 3.150e-23 2.696e+03
  7943.0 0.6990 0.4763 3.121e-23 2.680e+03
  7989.0 0.6979 0.4748 3.091e-23 2.663e+03
  8035.0 0.6969 0.4732 3.062e-23 2.647e+03
  8082.0 0.6959 0.4716 3.034e-23 2.631e+03
  8128.0 0.6949 0.4700 3.005e-23 2.615e+03
  8175.0 0.6939 0.4684 2.977e-23 2.599e+03
  8222.0 0.6928 0.4668 2.949e-23 2.584e+03
  8270.0 0.6918 0.4652 2.921e-23 2.568e+03
  8318.0 0.6907 0.4636 2.894e-23 2.553e+03
  8366.0 0.6896 0.4619 2.867e-23 2.538e+03
  8414.0 0.6886 0.4603 2.840e-23 2.523e+03
  8463.0 0.6875 0.4587 2.813e-23 2.508e+03
  8511.0 0.6864 0.4570 2.787e-23 2.493e+03
  8561.0 0.6853 0.4554 2.760e-23 2.478e+03
  8610.0 0.6842 0.4538 2.734e-23 2.463e+03
  8660.0 0.6831 0.4521 2.708e-23 2.448e+03
  8710.0 0.6820 0.4505 2.683e-23 2.433e+03
  8760.0 0.6809 0.4488 2.657e-23 2.418e+03
  8810.0 0.6798 0.4472 2.632e-23 2.404e+03
  8861.0 0.6787 0.4455 2.607e-23 2.389e+03
  8913.0 0.6776 0.4439 2.582e-23 2.375e+03
  8964.0 0.6764 0.4422 2.558e-23 2.361e+03
  9016.0 0.6753 0.4406 2.534e-23 2.347e+03
  9068.0 0.6741 0.4389 2.510e-23 2.333e+03
  9120.0 0.6730 0.4372 2.486e-23 2.319e+03
  9173.0 0.6718 0.4356 2.463e-23 2.305e+03
  9226.0 0.6706 0.4339 2.439e-23 2.292e+03
  9279.0 0.6695 0.4322 2.416e-23 2.278e+03
  9333.0 0.6683 0.4305 2.393e-23 2.264e+03
  9386.0 0.6671 0.4288 2.370e-23 2.250e+03
  9441.0 0.6659 0.4271 2.348e-23 2.237e+03
  9495.0 0.6648 0.4254 2.325e-23 2.223e+03
  9550.0 0.6636 0.4237 2.303e-23 2.210e+03
  9605.0 0.6624 0.4220 2.281e-23 2.197e+03
  9661.0 0.6612 0.4203 2.259e-23 2.184e+03
  9716.0 0.6600 0.4186 2.238e-23 2.171e+03
  9772.0 0.6587 0.4168 2.217e-23 2.158e+03
  9829.0 0.6575 0.4150 2.196e-23 2.145e+03
  9886.0 0.6562 0.4133 2.175e-23 2.132e+03
  9943.0 0.6550 0.4115 2.154e-23 2.120e+03
 10000.0 0.6537 0.4097 2.133e-23 2.107e+03
 10060.0 0.6524 0.4079 2.113e-23 2.095e+03
 10120.0 0.6511 0.4061 2.092e-23 2.082e+03
 10170.0 0.6499 0.4042 2.072e-23 2.069e+03
 10230.0 0.6486 0.4024 2.052e-23 2.057e+03
 10290.0 0.6473 0.4006 2.032e-23 2.044e+03
 10350.0 0.6461 0.3987 2.013e-23 2.032e+03
 10410.0 0.6448 0.3969 1.994e-23 2.020e+03
 10470.0 0.6435 0.3950 1.975e-23 2.008e+03
 10530.0 0.6422 0.3931 1.956e-23 1.996e+03
 10590.0 0.6408 0.3912 1.937e-23 1.984e+03
 10650.0 0.6395 0.3892 1.919e-23 1.973e+03
 10720.0 0.6382 0.3873 1.900e-23 1.961e+03
 10780.0 0.6368 0.3853 1.882e-23 1.950e+03
 10840.0 0.6355 0.3833 1.864e-23 1.938e+03
 10900.0 0.6341 0.3814 1.846e-23 1.926e+03
 10960.0 0.6328 0.3794 1.828e-23 1.915e+03
 11030.0 0.6314 0.3774 1.811e-23 1.903e+03
 11090.0 0.6301 0.3754 1.793e-23 1.892e+03
 11160.0 0.6288 0.3734 1.776e-23 1.881e+03
 11220.0 0.6275 0.3714 1.759e-23 1.869e+03
 11280.0 0.6261 0.3694 1.742e-23 1.858e+03
 11350.0 0.6248 0.3674 1.726e-23 1.847e+03
 11420.0 0.6234 0.3653 1.710e-23 1.836e+03
 11480.0 0.6221 0.3633 1.694e-23 1.826e+03
 11550.0 0.6207 0.3612 1.677e-23 1.815e+03
 11610.0 0.6193 0.3591 1.662e-23 1.804e+03
 11680.0 0.6179 0.3570 1.646e-23 1.794e+03
 11750.0 0.6166 0.3549 1.630e-23 1.783e+03
 11820.0 0.6152 0.3529 1.615e-23 1.773e+03
 11890.0 0.6138 0.3508 1.600e-23 1.762e+03
 11950.0 0.6125 0.3488 1.585e-23 1.752e+03
 12020.0 0.6111 0.3467 1.570e-23 1.741e+03
 12090.0 0.6098 0.3447 1.555e-23 1.731e+03
 12160.0 0.6085 0.3427 1.541e-23 1.721e+03
 12230.0 0.6071 0.3407 1.527e-23 1.711e+03
 12300.0 0.6058 0.3386 1.513e-23 1.701e+03
 12370.0 0.6044 0.3366 1.499e-23 1.691e+03
 12450.0 0.6031 0.3345 1.485e-23 1.681e+03
 12520.0 0.6017 0.3325 1.471e-23 1.672e+03
 12590.0 0.6003 0.3304 1.458e-23 1.662e+03
 12660.0 0.5990 0.3284 1.445e-23 1.652e+03
 12740.0 0.5976 0.3264 1.431e-23 1.643e+03
 12810.0 0.5963 0.3244 1.418e-23 1.633e+03
 12880.0 0.5949 0.3224 1.406e-23 1.624e+03
 12960.0 0.5936 0.3205 1.393e-23 1.615e+03
 13030.0 0.5923 0.3186 1.380e-23 1.606e+03
 13110.0 0.5909 0.3167 1.368e-23 1.596e+03
 13180.0 0.5896 0.3149 1.356e-23 1.587e+03
 13260.0 0.5883 0.3130 1.344e-23 1.579e+03
 13340.0 0.5870 0.3112 1.333e-23 1.570e+03
 13410.0 0.5856 0.3093 1.321e-23 1.561e+03
 13490.0 0.5843 0.3074 1.309e-23 1.553e+03
 13570.0 0.5829 0.3055 1.298e-23 1.544e+03
 13650.0 0.5816 0.3037 1.286e-23 1.535e+03
 13720.0 0.5802 0.3019 1.275e-23 1.527e+03
 13800.0 0.5789 0.3001 1.264e-23 1.518e+03
 13880.0 0.5776 0.2984 1.253e-23 1.509e+03
 13960.0 0.5762 0.2967 1.242e-23 1.501e+03
 14040.0 0.5749 0.2950 1.231e-23 1.493e+03
 14130.0 0.5736 0.2934 1.221e-23 1.484e+03
 14210.0 0.5723 0.2918 1.210e-23 1.476e+03
 14290.0 0.5711 0.2902 1.200e-23 1.468e+03
 14370.0 0.5698 0.2886 1.190e-23 1.460e+03
 14450.0 0.5685 0.2871 1.180e-23 1.452e+03
 14540.0 0.5672 0.2855 1.170e-23 1.444e+03
 14620.0 0.5659 0.2839 1.160e-23 1.436e+03
 14710.0 0.5645 0.2823 1.150e-23 1.429e+03
 14790.0 0.5632 0.2807 1.140e-23 1.421e+03
 14880.0 0.5618 0.2792 1.130e-23 1.413e+03
 14960.0 0.5605 0.2777 1.121e-23 1.405e+03
 15050.0 0.5592 0.2762 1.111e-23 1.397e+03
 15140.0 0.5578 0.2748 1.102e-23 1.390e+03
 15220.0 0.5565 0.2734 1.093e-23 1.382e+03
 15310.0 0.5552 0.2721 1.084e-23 1.375e+03
 15400.0 0.5539 0.2708 1.075e-23 1.367e+03
 15490.0 0.5526 0.2695 1.066e-23 1.360e+03
 15580.0 0.5513 0.2681 1.057e-23 1.353e+03
 15670.0 0.5500 0.2668 1.048e-23 1.346e+03
 15760.0 0.5487 0.2655 1.040e-23 1.338e+03
 15850.0 0.5474 0.2641 1.031e-23 1.331e+03
 15940.0 0.5461 0.2627 1.022e-23 1.324e+03
 16030.0 0.5448 0.2613 1.014e-23 1.317e+03
 16130.0 0.5434 0.2600 1.005e-23 1.309e+03
 16220.0 0.5421 0.2587 9.969e-24 1.302e+03
 16310.0 0.5407 0.2574 9.886e-24 1.295e+03
 16410.0 0.5394 0.2561 9.803e-24 1.288e+03
 16500.0 0.5381 0.2549 9.722e-24 1.281e+03
 16600.0 0.5368 0.2537 9.642e-24 1.274e+03
 16690.0 0.5355 0.2525 9.563e-24 1.267e+03
 16790.0 0.5342 0.2514 9.485e-24 1.260e+03
 16880.0 0.5329 0.2502 9.408e-24 1.253e+03
 16980.0 0.5316 0.2490 9.332e-24 1.247e+03
 17080.0 0.5303 0.2478 9.256e-24 1.240e+03
 17180.0 0.5290 0.2465 9.181e-24 1.233e+03
 17280.0 0.5277 0.2453 9.105e-24 1.227e+03
 17380.0 0.5263 0.2440 9.030e-24 1.220e+03
 17480.0 0.5249 0.2428 8.955e-24 1.213e+03
 17580.0 0.5236 0.2415 8.880e-24 1.207e+03
 17680.0 0.5222 0.2403 8.806e-24 1.200e+03
 17780.0 0.5208 0.2391 8.734e-24 1.194e+03
 17890.0 0.5194 0.2379 8.662e-24 1.187e+03
 17990.0 0.5180 0.2368 8.591e-24 1.181e+03
 18090.0 0.5167 0.2356 8.522e-24 1.175e+03
 18200.0 0.5153 0.2345 8.453e-24 1.169e+03
 18300.0 0.5139 0.2334 8.385e-24 1.163e+03
 18410.0 0.5126 0.2323 8.318e-24 1.156e+03
 18510.0 0.5112 0.2311 8.251e-24 1.150e+03
 18620.0 0.5098 0.2299 8.184e-24 1.144e+03
 18730.0 0.5084 0.2286 8.117e-24 1.138e+03
 18840.0 0.5069 0.2274 8.051e-24 1.132e+03
 18950.0 0.5055 0.2261 7.985e-24 1.126e+03
 19050.0 0.5040 0.2249 7.919e-24 1.120e+03
 19160.0 0.5026 0.2236 7.854e-24 1.114e+03
 19280.0 0.5011 0.2224 7.789e-24 1.108e+03
 19390.0 0.4997 0.2212 7.726e-24 1.103e+03
 19500.0 0.4982 0.2200 7.663e-24 1.097e+03
 19610.0 0.4968 0.2188 7.600e-24 1.091e+03
 19720.0 0.4954 0.2176 7.539e-24 1.085e+03
 19840.0 0.4939 0.2164 7.478e-24 1.079e+03
 19950.0 0.4925 0.2152 7.418e-24 1.074e+03
 20070.0 0.4911 0.2140 7.358e-24 1.068e+03
 20180.0 0.4896 0.2127 7.298e-24 1.063e+03
 20300.0 0.4881 0.2114 7.239e-24 1.057e+03
 20420.0 0.4867 0.2101 7.180e-24 1.051e+03
 20540.0 0.4852 0.2088 7.121e-24 1.046e+03
 20650.0 0.4837 0.2074 7.062e-24 1.040e+03
 20770.0 0.4821 0.2061 7.004e-24 1.035e+03
 20890.0 0.4806 0.2047 6.947e-24 1.029e+03
 21010.0 0.4791 0.2034 6.889e-24 1.024e+03
 21130.0 0.4776 0.2021 6.833e-24 1.018e+03
 21260.0 0.4761 0.2008 6.777e-24 1.013e+03
 21380.0 0.4746 0.1995 6.721e-24 1.007e+03
 21500.0 0.4731 0.1981 6.667e-24 1.002e+03
 21630.0 0.4716 0.1968 6.612e-24 9.966e+02
 21750.0 0.4701 0.1955 6.558e-24 9.913e+02
 21880.0 0.4686 0.1941 6.505e-24 9.860e+02
 22000.0 0.4670 0.1927 6.452e-24 9.808e+02
 22130.0 0.4655 0.1913 6.399e-24 9.756e+02
 22260.0 0.4639 0.1898 6.346e-24 9.704e+02
 22390.0 0.4623 0.1884 6.293e-24 9.652e+02
 22520.0 0.4607 0.1869 6.241e-24 9.600e+02
 22650.0 0.4591 0.1855 6.190e-24 9.549e+02
 22780.0 0.4575 0.1840 6.138e-24 9.498e+02
 22910.0 0.4559 0.1825 6.087e-24 9.447e+02
 23040.0 0.4543 0.1811 6.037e-24 9.396e+02
 23170.0 0.4527 0.1796 5.987e-24 9.346e+02
 23310.0 0.4511 0.1781 5.937e-24 9.296e+02
 23440.0 0.4495 0.1767 5.888e-24 9.246e+02
 23580.0 0.4479 0.1752 5.839e-24 9.196e+02
 23710.0 0.4463 0.1737 5.791e-24 9.146e+02
 23850.0 0.4447 0.1721 5.743e-24 9.097e+02
 23990.0 0.4430 0.1706 5.695e-24 9.047e+02
 24130.0 0.4414 0.1690 5.647e-24 8.998e+02
 24270.0 0.4397 0.1675 5.600e-24 8.949e+02
 24410.0 0.4381 0.1659 5.553e-24 8.900e+02
 24550.0 0.4364 0.1642 5.506e-24 8.851e+02
 24690.0 0.4348 0.1626 5.460e-24 8.803e+02
 24830.0 0.4331 0.1610 5.414e-24 8.754e+02
 24970.0 0.4314 0.1594 5.368e-24 8.707e+02
 25120.0 0.4297 0.1578 5.323e-24 8.659e+02
 25260.0 0.4280 0.1561 5.278e-24 8.612e+02
 25410.0 0.4263 0.1545 5.234e-24 8.565e+02
 25560.0 0.4246 0.1529 5.190e-24 8.518e+02
 25700.0 0.4229 0.1512 5.146e-24 8.471e+02
 25850.0 0.4212 0.1495 5.103e-24 8.425e+02
 26000.0 0.4194 0.1479 5.060e-24 8.379e+02
 26150.0 0.4177 0.1462 5.017e-24 8.333e+02
 26300.0 0.4160 0.1445 4.975e-24 8.287e+02
 26450.0 0.4142 0.1427 4.932e-24 8.241e+02
 26610.0 0.4124 0.1410 4.890e-24 8.196e+02
 26760.0 0.4106 0.1392 4.848e-24 8.151e+02
 26920.0 0.4088 0.1374 4.807e-24 8.106e+02
 27070.0 0.4070 0.1357 4.766e-24 8.061e+02
 27230.0 0.4052 0.1339 4.725e-24 8.017e+02
 27380.0 0.4034 0.1322 4.685e-24 7.972e+02
 27540.0 0.4016 0.1304 4.644e-24 7.928e+02
 27700.0 0.3997 0.1286 4.605e-24 7.884e+02
 27860.0 0.3979 0.1268 4.565e-24 7.840e+02
 28020.0 0.3961 0.1250 4.526e-24 7.796e+02
 28180.0 0.3942 0.1233 4.487e-24 7.753e+02
 28350.0 0.3924 0.1214 4.448e-24 7.710e+02
 28510.0 0.3905 0.1196 4.410e-24 7.667e+02
